solx.02.dlnVp.invSAo   31.38   34.79   32.66   43.45
    -0.000    5001.0   0.287E-01     31.38     32.48
     0.300    5001.0   0.997E-01     31.46     32.78
     0.600    5001.0   0.178E+00     31.54     33.07
     0.900    5001.0   0.268E+00     31.62     33.36
     1.200    5001.0   0.345E+00     31.70     33.65
     1.500    5001.0   0.471E+00     31.79     33.95
     1.800    5001.0   0.476E+00     31.87     34.24
     2.100    5001.0   0.493E+00     31.95     34.53
     2.400    5001.0   0.553E+00     32.04     34.82
     2.700    5001.0   0.537E+00     32.12     35.11
     3.000    5001.0   0.548E+00     32.21     35.41
     3.300    5001.0   0.571E+00     32.29     35.70
     3.600    5001.0   0.669E+00     32.38     35.99
     3.900    5001.0   0.897E+00     32.47     36.28
     4.200    5001.0   0.114E+01     32.56     36.57
     4.500    5001.0   0.132E+01     32.64     36.86
     4.800    5001.0   0.150E+01     32.73     37.15
     5.100    5001.0   0.157E+01     32.82     37.45
     5.400    5001.0   0.162E+01     32.91     37.74
     5.700    5001.0   0.157E+01     33.01     38.03
     6.000    5001.0   0.149E+01     33.10     38.32
     6.300    5001.0   0.155E+01     33.19     38.61
     6.600    5001.0   0.157E+01     33.28     38.90
     6.900    5001.0   0.153E+01     33.38     39.19
     7.200    5001.0   0.148E+01     33.47     39.48
     7.500    5001.0   0.133E+01     33.57     39.77
     7.800    5001.0   0.102E+01     33.67     40.06
     8.100    5001.0   0.731E+00     33.76     40.36
     8.400    5001.0   0.514E+00     33.86     40.65
     8.700    5001.0   0.342E+00     33.96     40.94
     9.000    5001.0   0.307E+00     34.06     41.23
     9.300    5001.0   0.359E+00     34.16     41.52
     9.600    5001.0   0.498E+00     34.27     41.81
     9.900    5001.0   0.683E+00     34.37     42.10
    10.200    5001.0   0.787E+00     34.47     42.39
    10.500    5001.0   0.877E+00     34.58     42.68
    10.800    5001.0   0.899E+00     34.68     42.97
    11.100    5001.0   0.824E+00     34.79     43.26
    11.400    5001.0   0.685E+00     34.90     43.55
    -0.000    5031.0   0.119E+00     31.38     32.48
     0.300    5031.0   0.609E-01     31.46     32.78
     0.600    5031.0  -0.358E-01     31.54     33.07
     0.900    5031.0  -0.152E+00     31.62     33.36
     1.200    5031.0  -0.253E+00     31.70     33.65
     1.500    5031.0  -0.300E+00     31.79     33.95
     1.800    5031.0  -0.372E+00     31.87     34.24
     2.100    5031.0  -0.360E+00     31.95     34.53
     2.400    5031.0  -0.270E+00     32.04     34.82
     2.700    5031.0  -0.202E+00     32.12     35.11
     3.000    5031.0  -0.105E-01     32.21     35.41
     3.300    5031.0   0.184E+00     32.29     35.70
     3.600    5031.0   0.454E+00     32.38     35.99
     3.900    5031.0   0.869E+00     32.47     36.28
     4.200    5031.0   0.126E+01     32.56     36.57
     4.500    5031.0   0.157E+01     32.64     36.86
     4.800    5031.0   0.182E+01     32.73     37.15
     5.100    5031.0   0.187E+01     32.82     37.45
     5.400    5031.0   0.192E+01     32.91     37.74
     5.700    5031.0   0.181E+01     33.01     38.03
     6.000    5031.0   0.156E+01     33.10     38.32
     6.300    5031.0   0.147E+01     33.19     38.61
     6.600    5031.0   0.133E+01     33.28     38.90
     6.900    5031.0   0.114E+01     33.38     39.19
     7.200    5031.0   0.101E+01     33.47     39.48
     7.500    5031.0   0.830E+00     33.57     39.77
     7.800    5031.0   0.548E+00     33.67     40.06
     8.100    5031.0   0.313E+00     33.76     40.36
     8.400    5031.0   0.125E+00     33.86     40.65
     8.700    5031.0   0.867E-01     33.96     40.94
     9.000    5031.0   0.125E+00     34.06     41.23
     9.300    5031.0   0.198E+00     34.16     41.52
     9.600    5031.0   0.489E+00     34.27     41.81
     9.900    5031.0   0.729E+00     34.37     42.10
    10.200    5031.0   0.909E+00     34.47     42.39
    10.500    5031.0   0.109E+01     34.58     42.68
    10.800    5031.0   0.116E+01     34.68     42.97
    11.100    5031.0   0.116E+01     34.79     43.26
    11.400    5031.0   0.998E+00     34.90     43.55
    -0.000    5061.0   0.119E+00     31.38     32.48
     0.300    5061.0   0.609E-01     31.46     32.78
     0.600    5061.0  -0.358E-01     31.54     33.07
     0.900    5061.0  -0.152E+00     31.62     33.36
     1.200    5061.0  -0.253E+00     31.70     33.65
     1.500    5061.0  -0.300E+00     31.79     33.95
     1.800    5061.0  -0.372E+00     31.87     34.24
     2.100    5061.0  -0.360E+00     31.95     34.53
     2.400    5061.0  -0.270E+00     32.04     34.82
     2.700    5061.0  -0.202E+00     32.12     35.11
     3.000    5061.0  -0.105E-01     32.21     35.41
     3.300    5061.0   0.184E+00     32.29     35.70
     3.600    5061.0   0.454E+00     32.38     35.99
     3.900    5061.0   0.869E+00     32.47     36.28
     4.200    5061.0   0.126E+01     32.56     36.57
     4.500    5061.0   0.157E+01     32.64     36.86
     4.800    5061.0   0.182E+01     32.73     37.15
     5.100    5061.0   0.187E+01     32.82     37.45
     5.400    5061.0   0.192E+01     32.91     37.74
     5.700    5061.0   0.181E+01     33.01     38.03
     6.000    5061.0   0.156E+01     33.10     38.32
     6.300    5061.0   0.147E+01     33.19     38.61
     6.600    5061.0   0.133E+01     33.28     38.90
     6.900    5061.0   0.114E+01     33.38     39.19
     7.200    5061.0   0.101E+01     33.47     39.48
     7.500    5061.0   0.830E+00     33.57     39.77
     7.800    5061.0   0.548E+00     33.67     40.06
     8.100    5061.0   0.313E+00     33.76     40.36
     8.400    5061.0   0.125E+00     33.86     40.65
     8.700    5061.0   0.867E-01     33.96     40.94
     9.000    5061.0   0.125E+00     34.06     41.23
     9.300    5061.0   0.198E+00     34.16     41.52
     9.600    5061.0   0.489E+00     34.27     41.81
     9.900    5061.0   0.729E+00     34.37     42.10
    10.200    5061.0   0.909E+00     34.47     42.39
    10.500    5061.0   0.109E+01     34.58     42.68
    10.800    5061.0   0.116E+01     34.68     42.97
    11.100    5061.0   0.116E+01     34.79     43.26
    11.400    5061.0   0.998E+00     34.90     43.55
    -0.000    5091.0   0.119E+00     31.38     32.48
     0.300    5091.0   0.609E-01     31.46     32.78
     0.600    5091.0  -0.358E-01     31.54     33.07
     0.900    5091.0  -0.152E+00     31.62     33.36
     1.200    5091.0  -0.253E+00     31.70     33.65
     1.500    5091.0  -0.300E+00     31.79     33.95
     1.800    5091.0  -0.372E+00     31.87     34.24
     2.100    5091.0  -0.360E+00     31.95     34.53
     2.400    5091.0  -0.270E+00     32.04     34.82
     2.700    5091.0  -0.202E+00     32.12     35.11
     3.000    5091.0  -0.105E-01     32.21     35.41
     3.300    5091.0   0.184E+00     32.29     35.70
     3.600    5091.0   0.454E+00     32.38     35.99
     3.900    5091.0   0.869E+00     32.47     36.28
     4.200    5091.0   0.126E+01     32.56     36.57
     4.500    5091.0   0.157E+01     32.64     36.86
     4.800    5091.0   0.182E+01     32.73     37.15
     5.100    5091.0   0.187E+01     32.82     37.45
     5.400    5091.0   0.192E+01     32.91     37.74
     5.700    5091.0   0.181E+01     33.01     38.03
     6.000    5091.0   0.156E+01     33.10     38.32
     6.300    5091.0   0.147E+01     33.19     38.61
     6.600    5091.0   0.133E+01     33.28     38.90
     6.900    5091.0   0.114E+01     33.38     39.19
     7.200    5091.0   0.101E+01     33.47     39.48
     7.500    5091.0   0.830E+00     33.57     39.77
     7.800    5091.0   0.548E+00     33.67     40.06
     8.100    5091.0   0.313E+00     33.76     40.36
     8.400    5091.0   0.125E+00     33.86     40.65
     8.700    5091.0   0.867E-01     33.96     40.94
     9.000    5091.0   0.125E+00     34.06     41.23
     9.300    5091.0   0.198E+00     34.16     41.52
     9.600    5091.0   0.489E+00     34.27     41.81
     9.900    5091.0   0.729E+00     34.37     42.10
    10.200    5091.0   0.909E+00     34.47     42.39
    10.500    5091.0   0.109E+01     34.58     42.68
    10.800    5091.0   0.116E+01     34.68     42.97
    11.100    5091.0   0.116E+01     34.79     43.26
    11.400    5091.0   0.998E+00     34.90     43.55
    -0.000    5121.0   0.723E+00     31.38     32.48
     0.300    5121.0   0.442E+00     31.46     32.78
     0.600    5121.0   0.860E-01     31.54     33.07
     0.900    5121.0  -0.317E+00     31.62     33.36
     1.200    5121.0  -0.690E+00     31.70     33.65
     1.500    5121.0  -0.919E+00     31.79     33.95
     1.800    5121.0  -0.103E+01     31.87     34.24
     2.100    5121.0  -0.103E+01     31.95     34.53
     2.400    5121.0  -0.897E+00     32.04     34.82
     2.700    5121.0  -0.737E+00     32.12     35.11
     3.000    5121.0  -0.515E+00     32.21     35.41
     3.300    5121.0  -0.271E+00     32.29     35.70
     3.600    5121.0  -0.288E-01     32.38     35.99
     3.900    5121.0   0.282E+00     32.47     36.28
     4.200    5121.0   0.628E+00     32.56     36.57
     4.500    5121.0   0.853E+00     32.64     36.86
     4.800    5121.0   0.105E+01     32.73     37.15
     5.100    5121.0   0.116E+01     32.82     37.45
     5.400    5121.0   0.123E+01     32.91     37.74
     5.700    5121.0   0.114E+01     33.01     38.03
     6.000    5121.0   0.978E+00     33.10     38.32
     6.300    5121.0   0.909E+00     33.19     38.61
     6.600    5121.0   0.814E+00     33.28     38.90
     6.900    5121.0   0.651E+00     33.38     39.19
     7.200    5121.0   0.513E+00     33.47     39.48
     7.500    5121.0   0.359E+00     33.57     39.77
     7.800    5121.0   0.118E+00     33.67     40.06
     8.100    5121.0  -0.828E-01     33.76     40.36
     8.400    5121.0  -0.239E+00     33.86     40.65
     8.700    5121.0  -0.309E+00     33.96     40.94
     9.000    5121.0  -0.313E+00     34.06     41.23
     9.300    5121.0  -0.269E+00     34.16     41.52
     9.600    5121.0  -0.472E-01     34.27     41.81
     9.900    5121.0   0.172E+00     34.37     42.10
    10.200    5121.0   0.440E+00     34.47     42.39
    10.500    5121.0   0.723E+00     34.58     42.68
    10.800    5121.0   0.952E+00     34.68     42.97
    11.100    5121.0   0.111E+01     34.79     43.26
    11.400    5121.0   0.113E+01     34.90     43.55
    -0.000    5151.0   0.723E+00     31.38     32.48
     0.300    5151.0   0.442E+00     31.46     32.78
     0.600    5151.0   0.860E-01     31.54     33.07
     0.900    5151.0  -0.317E+00     31.62     33.36
     1.200    5151.0  -0.690E+00     31.70     33.65
     1.500    5151.0  -0.919E+00     31.79     33.95
     1.800    5151.0  -0.103E+01     31.87     34.24
     2.100    5151.0  -0.103E+01     31.95     34.53
     2.400    5151.0  -0.897E+00     32.04     34.82
     2.700    5151.0  -0.737E+00     32.12     35.11
     3.000    5151.0  -0.515E+00     32.21     35.41
     3.300    5151.0  -0.271E+00     32.29     35.70
     3.600    5151.0  -0.288E-01     32.38     35.99
     3.900    5151.0   0.282E+00     32.47     36.28
     4.200    5151.0   0.628E+00     32.56     36.57
     4.500    5151.0   0.853E+00     32.64     36.86
     4.800    5151.0   0.105E+01     32.73     37.15
     5.100    5151.0   0.116E+01     32.82     37.45
     5.400    5151.0   0.123E+01     32.91     37.74
     5.700    5151.0   0.114E+01     33.01     38.03
     6.000    5151.0   0.978E+00     33.10     38.32
     6.300    5151.0   0.909E+00     33.19     38.61
     6.600    5151.0   0.814E+00     33.28     38.90
     6.900    5151.0   0.651E+00     33.38     39.19
     7.200    5151.0   0.513E+00     33.47     39.48
     7.500    5151.0   0.359E+00     33.57     39.77
     7.800    5151.0   0.118E+00     33.67     40.06
     8.100    5151.0  -0.828E-01     33.76     40.36
     8.400    5151.0  -0.239E+00     33.86     40.65
     8.700    5151.0  -0.309E+00     33.96     40.94
     9.000    5151.0  -0.313E+00     34.06     41.23
     9.300    5151.0  -0.269E+00     34.16     41.52
     9.600    5151.0  -0.472E-01     34.27     41.81
     9.900    5151.0   0.172E+00     34.37     42.10
    10.200    5151.0   0.440E+00     34.47     42.39
    10.500    5151.0   0.723E+00     34.58     42.68
    10.800    5151.0   0.952E+00     34.68     42.97
    11.100    5151.0   0.111E+01     34.79     43.26
    11.400    5151.0   0.113E+01     34.90     43.55
    -0.000    5181.0   0.723E+00     31.38     32.48
     0.300    5181.0   0.442E+00     31.46     32.78
     0.600    5181.0   0.860E-01     31.54     33.07
     0.900    5181.0  -0.317E+00     31.62     33.36
     1.200    5181.0  -0.690E+00     31.70     33.65
     1.500    5181.0  -0.919E+00     31.79     33.95
     1.800    5181.0  -0.103E+01     31.87     34.24
     2.100    5181.0  -0.103E+01     31.95     34.53
     2.400    5181.0  -0.897E+00     32.04     34.82
     2.700    5181.0  -0.737E+00     32.12     35.11
     3.000    5181.0  -0.515E+00     32.21     35.41
     3.300    5181.0  -0.271E+00     32.29     35.70
     3.600    5181.0  -0.288E-01     32.38     35.99
     3.900    5181.0   0.282E+00     32.47     36.28
     4.200    5181.0   0.628E+00     32.56     36.57
     4.500    5181.0   0.853E+00     32.64     36.86
     4.800    5181.0   0.105E+01     32.73     37.15
     5.100    5181.0   0.116E+01     32.82     37.45
     5.400    5181.0   0.123E+01     32.91     37.74
     5.700    5181.0   0.114E+01     33.01     38.03
     6.000    5181.0   0.978E+00     33.10     38.32
     6.300    5181.0   0.909E+00     33.19     38.61
     6.600    5181.0   0.814E+00     33.28     38.90
     6.900    5181.0   0.651E+00     33.38     39.19
     7.200    5181.0   0.513E+00     33.47     39.48
     7.500    5181.0   0.359E+00     33.57     39.77
     7.800    5181.0   0.118E+00     33.67     40.06
     8.100    5181.0  -0.828E-01     33.76     40.36
     8.400    5181.0  -0.239E+00     33.86     40.65
     8.700    5181.0  -0.309E+00     33.96     40.94
     9.000    5181.0  -0.313E+00     34.06     41.23
     9.300    5181.0  -0.269E+00     34.16     41.52
     9.600    5181.0  -0.472E-01     34.27     41.81
     9.900    5181.0   0.172E+00     34.37     42.10
    10.200    5181.0   0.440E+00     34.47     42.39
    10.500    5181.0   0.723E+00     34.58     42.68
    10.800    5181.0   0.952E+00     34.68     42.97
    11.100    5181.0   0.111E+01     34.79     43.26
    11.400    5181.0   0.113E+01     34.90     43.55
    -0.000    5211.0   0.106E+01     31.38     32.48
     0.300    5211.0   0.636E+00     31.46     32.78
     0.600    5211.0   0.149E+00     31.54     33.07
     0.900    5211.0  -0.332E+00     31.62     33.36
     1.200    5211.0  -0.717E+00     31.70     33.65
     1.500    5211.0  -0.907E+00     31.79     33.95
     1.800    5211.0  -0.908E+00     31.87     34.24
     2.100    5211.0  -0.750E+00     31.95     34.53
     2.400    5211.0  -0.486E+00     32.04     34.82
     2.700    5211.0  -0.198E+00     32.12     35.11
     3.000    5211.0  -0.212E-01     32.21     35.41
     3.300    5211.0   0.135E+00     32.29     35.70
     3.600    5211.0   0.177E+00     32.38     35.99
     3.900    5211.0   0.215E+00     32.47     36.28
     4.200    5211.0   0.322E+00     32.56     36.57
     4.500    5211.0   0.419E+00     32.64     36.86
     4.800    5211.0   0.481E+00     32.73     37.15
     5.100    5211.0   0.568E+00     32.82     37.45
     5.400    5211.0   0.730E+00     32.91     37.74
     5.700    5211.0   0.789E+00     33.01     38.03
     6.000    5211.0   0.770E+00     33.10     38.32
     6.300    5211.0   0.851E+00     33.19     38.61
     6.600    5211.0   0.831E+00     33.28     38.90
     6.900    5211.0   0.707E+00     33.38     39.19
     7.200    5211.0   0.599E+00     33.47     39.48
     7.500    5211.0   0.437E+00     33.57     39.77
     7.800    5211.0   0.177E+00     33.67     40.06
     8.100    5211.0  -0.322E-01     33.76     40.36
     8.400    5211.0  -0.232E+00     33.86     40.65
     8.700    5211.0  -0.420E+00     33.96     40.94
     9.000    5211.0  -0.559E+00     34.06     41.23
     9.300    5211.0  -0.662E+00     34.16     41.52
     9.600    5211.0  -0.552E+00     34.27     41.81
     9.900    5211.0  -0.413E+00     34.37     42.10
    10.200    5211.0  -0.142E+00     34.47     42.39
    10.500    5211.0   0.243E+00     34.58     42.68
    10.800    5211.0   0.615E+00     34.68     42.97
    11.100    5211.0   0.953E+00     34.79     43.26
    11.400    5211.0   0.110E+01     34.90     43.55
    -0.000    5241.0   0.106E+01     31.38     32.48
     0.300    5241.0   0.636E+00     31.46     32.78
     0.600    5241.0   0.149E+00     31.54     33.07
     0.900    5241.0  -0.332E+00     31.62     33.36
     1.200    5241.0  -0.717E+00     31.70     33.65
     1.500    5241.0  -0.907E+00     31.79     33.95
     1.800    5241.0  -0.908E+00     31.87     34.24
     2.100    5241.0  -0.750E+00     31.95     34.53
     2.400    5241.0  -0.486E+00     32.04     34.82
     2.700    5241.0  -0.198E+00     32.12     35.11
     3.000    5241.0  -0.212E-01     32.21     35.41
     3.300    5241.0   0.135E+00     32.29     35.70
     3.600    5241.0   0.177E+00     32.38     35.99
     3.900    5241.0   0.215E+00     32.47     36.28
     4.200    5241.0   0.322E+00     32.56     36.57
     4.500    5241.0   0.419E+00     32.64     36.86
     4.800    5241.0   0.481E+00     32.73     37.15
     5.100    5241.0   0.568E+00     32.82     37.45
     5.400    5241.0   0.730E+00     32.91     37.74
     5.700    5241.0   0.789E+00     33.01     38.03
     6.000    5241.0   0.770E+00     33.10     38.32
     6.300    5241.0   0.851E+00     33.19     38.61
     6.600    5241.0   0.831E+00     33.28     38.90
     6.900    5241.0   0.707E+00     33.38     39.19
     7.200    5241.0   0.599E+00     33.47     39.48
     7.500    5241.0   0.437E+00     33.57     39.77
     7.800    5241.0   0.177E+00     33.67     40.06
     8.100    5241.0  -0.322E-01     33.76     40.36
     8.400    5241.0  -0.232E+00     33.86     40.65
     8.700    5241.0  -0.420E+00     33.96     40.94
     9.000    5241.0  -0.559E+00     34.06     41.23
     9.300    5241.0  -0.662E+00     34.16     41.52
     9.600    5241.0  -0.552E+00     34.27     41.81
     9.900    5241.0  -0.413E+00     34.37     42.10
    10.200    5241.0  -0.142E+00     34.47     42.39
    10.500    5241.0   0.243E+00     34.58     42.68
    10.800    5241.0   0.615E+00     34.68     42.97
    11.100    5241.0   0.953E+00     34.79     43.26
    11.400    5241.0   0.110E+01     34.90     43.55
    -0.000    5271.0   0.106E+01     31.38     32.48
     0.300    5271.0   0.636E+00     31.46     32.78
     0.600    5271.0   0.149E+00     31.54     33.07
     0.900    5271.0  -0.332E+00     31.62     33.36
     1.200    5271.0  -0.717E+00     31.70     33.65
     1.500    5271.0  -0.907E+00     31.79     33.95
     1.800    5271.0  -0.908E+00     31.87     34.24
     2.100    5271.0  -0.750E+00     31.95     34.53
     2.400    5271.0  -0.486E+00     32.04     34.82
     2.700    5271.0  -0.198E+00     32.12     35.11
     3.000    5271.0  -0.212E-01     32.21     35.41
     3.300    5271.0   0.135E+00     32.29     35.70
     3.600    5271.0   0.177E+00     32.38     35.99
     3.900    5271.0   0.215E+00     32.47     36.28
     4.200    5271.0   0.322E+00     32.56     36.57
     4.500    5271.0   0.419E+00     32.64     36.86
     4.800    5271.0   0.481E+00     32.73     37.15
     5.100    5271.0   0.568E+00     32.82     37.45
     5.400    5271.0   0.730E+00     32.91     37.74
     5.700    5271.0   0.789E+00     33.01     38.03
     6.000    5271.0   0.770E+00     33.10     38.32
     6.300    5271.0   0.851E+00     33.19     38.61
     6.600    5271.0   0.831E+00     33.28     38.90
     6.900    5271.0   0.707E+00     33.38     39.19
     7.200    5271.0   0.599E+00     33.47     39.48
     7.500    5271.0   0.437E+00     33.57     39.77
     7.800    5271.0   0.177E+00     33.67     40.06
     8.100    5271.0  -0.322E-01     33.76     40.36
     8.400    5271.0  -0.232E+00     33.86     40.65
     8.700    5271.0  -0.420E+00     33.96     40.94
     9.000    5271.0  -0.559E+00     34.06     41.23
     9.300    5271.0  -0.662E+00     34.16     41.52
     9.600    5271.0  -0.552E+00     34.27     41.81
     9.900    5271.0  -0.413E+00     34.37     42.10
    10.200    5271.0  -0.142E+00     34.47     42.39
    10.500    5271.0   0.243E+00     34.58     42.68
    10.800    5271.0   0.615E+00     34.68     42.97
    11.100    5271.0   0.953E+00     34.79     43.26
    11.400    5271.0   0.110E+01     34.90     43.55
    -0.000    5301.0   0.738E+00     31.38     32.48
     0.300    5301.0   0.328E+00     31.46     32.78
     0.600    5301.0  -0.657E-01     31.54     33.07
     0.900    5301.0  -0.358E+00     31.62     33.36
     1.200    5301.0  -0.589E+00     31.70     33.65
     1.500    5301.0  -0.522E+00     31.79     33.95
     1.800    5301.0  -0.247E+00     31.87     34.24
     2.100    5301.0   0.115E+00     31.95     34.53
     2.400    5301.0   0.547E+00     32.04     34.82
     2.700    5301.0   0.957E+00     32.12     35.11
     3.000    5301.0   0.103E+01     32.21     35.41
     3.300    5301.0   0.106E+01     32.29     35.70
     3.600    5301.0   0.948E+00     32.38     35.99
     3.900    5301.0   0.785E+00     32.47     36.28
     4.200    5301.0   0.656E+00     32.56     36.57
     4.500    5301.0   0.526E+00     32.64     36.86
     4.800    5301.0   0.492E+00     32.73     37.15
     5.100    5301.0   0.581E+00     32.82     37.45
     5.400    5301.0   0.703E+00     32.91     37.74
     5.700    5301.0   0.781E+00     33.01     38.03
     6.000    5301.0   0.895E+00     33.10     38.32
     6.300    5301.0   0.103E+01     33.19     38.61
     6.600    5301.0   0.104E+01     33.28     38.90
     6.900    5301.0   0.963E+00     33.38     39.19
     7.200    5301.0   0.868E+00     33.47     39.48
     7.500    5301.0   0.727E+00     33.57     39.77
     7.800    5301.0   0.518E+00     33.67     40.06
     8.100    5301.0   0.439E+00     33.76     40.36
     8.400    5301.0   0.353E+00     33.86     40.65
     8.700    5301.0   0.163E+00     33.96     40.94
     9.000    5301.0  -0.573E-01     34.06     41.23
     9.300    5301.0  -0.292E+00     34.16     41.52
     9.600    5301.0  -0.300E+00     34.27     41.81
     9.900    5301.0  -0.284E+00     34.37     42.10
    10.200    5301.0  -0.176E+00     34.47     42.39
    10.500    5301.0   0.119E+00     34.58     42.68
    10.800    5301.0   0.428E+00     34.68     42.97
    11.100    5301.0   0.715E+00     34.79     43.26
    11.400    5301.0   0.832E+00     34.90     43.55
    -0.000    5331.0   0.738E+00     31.38     32.48
     0.300    5331.0   0.328E+00     31.46     32.78
     0.600    5331.0  -0.657E-01     31.54     33.07
     0.900    5331.0  -0.358E+00     31.62     33.36
     1.200    5331.0  -0.589E+00     31.70     33.65
     1.500    5331.0  -0.522E+00     31.79     33.95
     1.800    5331.0  -0.247E+00     31.87     34.24
     2.100    5331.0   0.115E+00     31.95     34.53
     2.400    5331.0   0.547E+00     32.04     34.82
     2.700    5331.0   0.957E+00     32.12     35.11
     3.000    5331.0   0.103E+01     32.21     35.41
     3.300    5331.0   0.106E+01     32.29     35.70
     3.600    5331.0   0.948E+00     32.38     35.99
     3.900    5331.0   0.785E+00     32.47     36.28
     4.200    5331.0   0.656E+00     32.56     36.57
     4.500    5331.0   0.526E+00     32.64     36.86
     4.800    5331.0   0.492E+00     32.73     37.15
     5.100    5331.0   0.581E+00     32.82     37.45
     5.400    5331.0   0.703E+00     32.91     37.74
     5.700    5331.0   0.781E+00     33.01     38.03
     6.000    5331.0   0.895E+00     33.10     38.32
     6.300    5331.0   0.103E+01     33.19     38.61
     6.600    5331.0   0.104E+01     33.28     38.90
     6.900    5331.0   0.963E+00     33.38     39.19
     7.200    5331.0   0.868E+00     33.47     39.48
     7.500    5331.0   0.727E+00     33.57     39.77
     7.800    5331.0   0.518E+00     33.67     40.06
     8.100    5331.0   0.439E+00     33.76     40.36
     8.400    5331.0   0.353E+00     33.86     40.65
     8.700    5331.0   0.163E+00     33.96     40.94
     9.000    5331.0  -0.573E-01     34.06     41.23
     9.300    5331.0  -0.292E+00     34.16     41.52
     9.600    5331.0  -0.300E+00     34.27     41.81
     9.900    5331.0  -0.284E+00     34.37     42.10
    10.200    5331.0  -0.176E+00     34.47     42.39
    10.500    5331.0   0.119E+00     34.58     42.68
    10.800    5331.0   0.428E+00     34.68     42.97
    11.100    5331.0   0.715E+00     34.79     43.26
    11.400    5331.0   0.832E+00     34.90     43.55
    -0.000    5361.0   0.738E+00     31.38     32.48
     0.300    5361.0   0.328E+00     31.46     32.78
     0.600    5361.0  -0.657E-01     31.54     33.07
     0.900    5361.0  -0.358E+00     31.62     33.36
     1.200    5361.0  -0.589E+00     31.70     33.65
     1.500    5361.0  -0.522E+00     31.79     33.95
     1.800    5361.0  -0.247E+00     31.87     34.24
     2.100    5361.0   0.115E+00     31.95     34.53
     2.400    5361.0   0.547E+00     32.04     34.82
     2.700    5361.0   0.957E+00     32.12     35.11
     3.000    5361.0   0.103E+01     32.21     35.41
     3.300    5361.0   0.106E+01     32.29     35.70
     3.600    5361.0   0.948E+00     32.38     35.99
     3.900    5361.0   0.785E+00     32.47     36.28
     4.200    5361.0   0.656E+00     32.56     36.57
     4.500    5361.0   0.526E+00     32.64     36.86
     4.800    5361.0   0.492E+00     32.73     37.15
     5.100    5361.0   0.581E+00     32.82     37.45
     5.400    5361.0   0.703E+00     32.91     37.74
     5.700    5361.0   0.781E+00     33.01     38.03
     6.000    5361.0   0.895E+00     33.10     38.32
     6.300    5361.0   0.103E+01     33.19     38.61
     6.600    5361.0   0.104E+01     33.28     38.90
     6.900    5361.0   0.963E+00     33.38     39.19
     7.200    5361.0   0.868E+00     33.47     39.48
     7.500    5361.0   0.727E+00     33.57     39.77
     7.800    5361.0   0.518E+00     33.67     40.06
     8.100    5361.0   0.439E+00     33.76     40.36
     8.400    5361.0   0.353E+00     33.86     40.65
     8.700    5361.0   0.163E+00     33.96     40.94
     9.000    5361.0  -0.573E-01     34.06     41.23
     9.300    5361.0  -0.292E+00     34.16     41.52
     9.600    5361.0  -0.300E+00     34.27     41.81
     9.900    5361.0  -0.284E+00     34.37     42.10
    10.200    5361.0  -0.176E+00     34.47     42.39
    10.500    5361.0   0.119E+00     34.58     42.68
    10.800    5361.0   0.428E+00     34.68     42.97
    11.100    5361.0   0.715E+00     34.79     43.26
    11.400    5361.0   0.832E+00     34.90     43.55
    -0.000    5391.0   0.204E+00     31.38     32.48
     0.300    5391.0  -0.493E-02     31.46     32.78
     0.600    5391.0  -0.190E+00     31.54     33.07
     0.900    5391.0  -0.271E+00     31.62     33.36
     1.200    5391.0  -0.258E+00     31.70     33.65
     1.500    5391.0  -0.125E-01     31.79     33.95
     1.800    5391.0   0.301E+00     31.87     34.24
     2.100    5391.0   0.711E+00     31.95     34.53
     2.400    5391.0   0.116E+01     32.04     34.82
     2.700    5391.0   0.152E+01     32.12     35.11
     3.000    5391.0   0.155E+01     32.21     35.41
     3.300    5391.0   0.154E+01     32.29     35.70
     3.600    5391.0   0.135E+01     32.38     35.99
     3.900    5391.0   0.103E+01     32.47     36.28
     4.200    5391.0   0.791E+00     32.56     36.57
     4.500    5391.0   0.581E+00     32.64     36.86
     4.800    5391.0   0.442E+00     32.73     37.15
     5.100    5391.0   0.404E+00     32.82     37.45
     5.400    5391.0   0.466E+00     32.91     37.74
     5.700    5391.0   0.534E+00     33.01     38.03
     6.000    5391.0   0.593E+00     33.10     38.32
     6.300    5391.0   0.668E+00     33.19     38.61
     6.600    5391.0   0.694E+00     33.28     38.90
     6.900    5391.0   0.683E+00     33.38     39.19
     7.200    5391.0   0.681E+00     33.47     39.48
     7.500    5391.0   0.709E+00     33.57     39.77
     7.800    5391.0   0.724E+00     33.67     40.06
     8.100    5391.0   0.820E+00     33.76     40.36
     8.400    5391.0   0.911E+00     33.86     40.65
     8.700    5391.0   0.714E+00     33.96     40.94
     9.000    5391.0   0.539E+00     34.06     41.23
     9.300    5391.0   0.368E+00     34.16     41.52
     9.600    5391.0   0.103E+00     34.27     41.81
     9.900    5391.0  -0.245E-01     34.37     42.10
    10.200    5391.0  -0.669E-01     34.47     42.39
    10.500    5391.0   0.644E-01     34.58     42.68
    10.800    5391.0   0.290E+00     34.68     42.97
    11.100    5391.0   0.513E+00     34.79     43.26
    11.400    5391.0   0.581E+00     34.90     43.55
    -0.000    5421.0   0.204E+00     31.38     32.48
     0.300    5421.0  -0.493E-02     31.46     32.78
     0.600    5421.0  -0.190E+00     31.54     33.07
     0.900    5421.0  -0.271E+00     31.62     33.36
     1.200    5421.0  -0.258E+00     31.70     33.65
     1.500    5421.0  -0.125E-01     31.79     33.95
     1.800    5421.0   0.301E+00     31.87     34.24
     2.100    5421.0   0.711E+00     31.95     34.53
     2.400    5421.0   0.116E+01     32.04     34.82
     2.700    5421.0   0.152E+01     32.12     35.11
     3.000    5421.0   0.155E+01     32.21     35.41
     3.300    5421.0   0.154E+01     32.29     35.70
     3.600    5421.0   0.135E+01     32.38     35.99
     3.900    5421.0   0.103E+01     32.47     36.28
     4.200    5421.0   0.791E+00     32.56     36.57
     4.500    5421.0   0.581E+00     32.64     36.86
     4.800    5421.0   0.442E+00     32.73     37.15
     5.100    5421.0   0.404E+00     32.82     37.45
     5.400    5421.0   0.466E+00     32.91     37.74
     5.700    5421.0   0.534E+00     33.01     38.03
     6.000    5421.0   0.593E+00     33.10     38.32
     6.300    5421.0   0.668E+00     33.19     38.61
     6.600    5421.0   0.694E+00     33.28     38.90
     6.900    5421.0   0.683E+00     33.38     39.19
     7.200    5421.0   0.681E+00     33.47     39.48
     7.500    5421.0   0.709E+00     33.57     39.77
     7.800    5421.0   0.724E+00     33.67     40.06
     8.100    5421.0   0.820E+00     33.76     40.36
     8.400    5421.0   0.911E+00     33.86     40.65
     8.700    5421.0   0.714E+00     33.96     40.94
     9.000    5421.0   0.539E+00     34.06     41.23
     9.300    5421.0   0.368E+00     34.16     41.52
     9.600    5421.0   0.103E+00     34.27     41.81
     9.900    5421.0  -0.245E-01     34.37     42.10
    10.200    5421.0  -0.669E-01     34.47     42.39
    10.500    5421.0   0.644E-01     34.58     42.68
    10.800    5421.0   0.290E+00     34.68     42.97
    11.100    5421.0   0.513E+00     34.79     43.26
    11.400    5421.0   0.581E+00     34.90     43.55
    -0.000    5451.0   0.204E+00     31.38     32.48
     0.300    5451.0  -0.493E-02     31.46     32.78
     0.600    5451.0  -0.190E+00     31.54     33.07
     0.900    5451.0  -0.271E+00     31.62     33.36
     1.200    5451.0  -0.258E+00     31.70     33.65
     1.500    5451.0  -0.125E-01     31.79     33.95
     1.800    5451.0   0.301E+00     31.87     34.24
     2.100    5451.0   0.711E+00     31.95     34.53
     2.400    5451.0   0.116E+01     32.04     34.82
     2.700    5451.0   0.152E+01     32.12     35.11
     3.000    5451.0   0.155E+01     32.21     35.41
     3.300    5451.0   0.154E+01     32.29     35.70
     3.600    5451.0   0.135E+01     32.38     35.99
     3.900    5451.0   0.103E+01     32.47     36.28
     4.200    5451.0   0.791E+00     32.56     36.57
     4.500    5451.0   0.581E+00     32.64     36.86
     4.800    5451.0   0.442E+00     32.73     37.15
     5.100    5451.0   0.404E+00     32.82     37.45
     5.400    5451.0   0.466E+00     32.91     37.74
     5.700    5451.0   0.534E+00     33.01     38.03
     6.000    5451.0   0.593E+00     33.10     38.32
     6.300    5451.0   0.668E+00     33.19     38.61
     6.600    5451.0   0.694E+00     33.28     38.90
     6.900    5451.0   0.683E+00     33.38     39.19
     7.200    5451.0   0.681E+00     33.47     39.48
     7.500    5451.0   0.709E+00     33.57     39.77
     7.800    5451.0   0.724E+00     33.67     40.06
     8.100    5451.0   0.820E+00     33.76     40.36
     8.400    5451.0   0.911E+00     33.86     40.65
     8.700    5451.0   0.714E+00     33.96     40.94
     9.000    5451.0   0.539E+00     34.06     41.23
     9.300    5451.0   0.368E+00     34.16     41.52
     9.600    5451.0   0.103E+00     34.27     41.81
     9.900    5451.0  -0.245E-01     34.37     42.10
    10.200    5451.0  -0.669E-01     34.47     42.39
    10.500    5451.0   0.644E-01     34.58     42.68
    10.800    5451.0   0.290E+00     34.68     42.97
    11.100    5451.0   0.513E+00     34.79     43.26
    11.400    5451.0   0.581E+00     34.90     43.55
    -0.000    5481.0  -0.847E-01     31.38     32.48
     0.300    5481.0  -0.161E+00     31.46     32.78
     0.600    5481.0  -0.206E+00     31.54     33.07
     0.900    5481.0  -0.182E+00     31.62     33.36
     1.200    5481.0  -0.148E+00     31.70     33.65
     1.500    5481.0   0.426E-01     31.79     33.95
     1.800    5481.0   0.277E+00     31.87     34.24
     2.100    5481.0   0.564E+00     31.95     34.53
     2.400    5481.0   0.868E+00     32.04     34.82
     2.700    5481.0   0.108E+01     32.12     35.11
     3.000    5481.0   0.110E+01     32.21     35.41
     3.300    5481.0   0.110E+01     32.29     35.70
     3.600    5481.0   0.981E+00     32.38     35.99
     3.900    5481.0   0.739E+00     32.47     36.28
     4.200    5481.0   0.540E+00     32.56     36.57
     4.500    5481.0   0.323E+00     32.64     36.86
     4.800    5481.0   0.213E+00     32.73     37.15
     5.100    5481.0   0.198E+00     32.82     37.45
     5.400    5481.0   0.172E+00     32.91     37.74
     5.700    5481.0   0.121E+00     33.01     38.03
     6.000    5481.0   0.109E+00     33.10     38.32
     6.300    5481.0   0.691E-01     33.19     38.61
     6.600    5481.0   0.346E-01     33.28     38.90
     6.900    5481.0   0.840E-01     33.38     39.19
     7.200    5481.0   0.224E+00     33.47     39.48
     7.500    5481.0   0.416E+00     33.57     39.77
     7.800    5481.0   0.642E+00     33.67     40.06
     8.100    5481.0   0.897E+00     33.76     40.36
     8.400    5481.0   0.110E+01     33.86     40.65
     8.700    5481.0   0.100E+01     33.96     40.94
     9.000    5481.0   0.807E+00     34.06     41.23
     9.300    5481.0   0.544E+00     34.16     41.52
     9.600    5481.0   0.327E+00     34.27     41.81
     9.900    5481.0   0.108E+00     34.37     42.10
    10.200    5481.0  -0.627E-01     34.47     42.39
    10.500    5481.0   0.387E-02     34.58     42.68
    10.800    5481.0   0.163E+00     34.68     42.97
    11.100    5481.0   0.332E+00     34.79     43.26
    11.400    5481.0   0.479E+00     34.90     43.55
    -0.000    5511.0  -0.847E-01     31.38     32.48
     0.300    5511.0  -0.161E+00     31.46     32.78
     0.600    5511.0  -0.206E+00     31.54     33.07
     0.900    5511.0  -0.182E+00     31.62     33.36
     1.200    5511.0  -0.148E+00     31.70     33.65
     1.500    5511.0   0.426E-01     31.79     33.95
     1.800    5511.0   0.277E+00     31.87     34.24
     2.100    5511.0   0.564E+00     31.95     34.53
     2.400    5511.0   0.868E+00     32.04     34.82
     2.700    5511.0   0.108E+01     32.12     35.11
     3.000    5511.0   0.110E+01     32.21     35.41
     3.300    5511.0   0.110E+01     32.29     35.70
     3.600    5511.0   0.981E+00     32.38     35.99
     3.900    5511.0   0.739E+00     32.47     36.28
     4.200    5511.0   0.540E+00     32.56     36.57
     4.500    5511.0   0.323E+00     32.64     36.86
     4.800    5511.0   0.213E+00     32.73     37.15
     5.100    5511.0   0.198E+00     32.82     37.45
     5.400    5511.0   0.172E+00     32.91     37.74
     5.700    5511.0   0.121E+00     33.01     38.03
     6.000    5511.0   0.109E+00     33.10     38.32
     6.300    5511.0   0.691E-01     33.19     38.61
     6.600    5511.0   0.346E-01     33.28     38.90
     6.900    5511.0   0.840E-01     33.38     39.19
     7.200    5511.0   0.224E+00     33.47     39.48
     7.500    5511.0   0.416E+00     33.57     39.77
     7.800    5511.0   0.642E+00     33.67     40.06
     8.100    5511.0   0.897E+00     33.76     40.36
     8.400    5511.0   0.110E+01     33.86     40.65
     8.700    5511.0   0.100E+01     33.96     40.94
     9.000    5511.0   0.807E+00     34.06     41.23
     9.300    5511.0   0.544E+00     34.16     41.52
     9.600    5511.0   0.327E+00     34.27     41.81
     9.900    5511.0   0.108E+00     34.37     42.10
    10.200    5511.0  -0.627E-01     34.47     42.39
    10.500    5511.0   0.387E-02     34.58     42.68
    10.800    5511.0   0.163E+00     34.68     42.97
    11.100    5511.0   0.332E+00     34.79     43.26
    11.400    5511.0   0.479E+00     34.90     43.55
    -0.000    5541.0  -0.847E-01     31.38     32.48
     0.300    5541.0  -0.161E+00     31.46     32.78
     0.600    5541.0  -0.206E+00     31.54     33.07
     0.900    5541.0  -0.182E+00     31.62     33.36
     1.200    5541.0  -0.148E+00     31.70     33.65
     1.500    5541.0   0.426E-01     31.79     33.95
     1.800    5541.0   0.277E+00     31.87     34.24
     2.100    5541.0   0.564E+00     31.95     34.53
     2.400    5541.0   0.868E+00     32.04     34.82
     2.700    5541.0   0.108E+01     32.12     35.11
     3.000    5541.0   0.110E+01     32.21     35.41
     3.300    5541.0   0.110E+01     32.29     35.70
     3.600    5541.0   0.981E+00     32.38     35.99
     3.900    5541.0   0.739E+00     32.47     36.28
     4.200    5541.0   0.540E+00     32.56     36.57
     4.500    5541.0   0.323E+00     32.64     36.86
     4.800    5541.0   0.213E+00     32.73     37.15
     5.100    5541.0   0.198E+00     32.82     37.45
     5.400    5541.0   0.172E+00     32.91     37.74
     5.700    5541.0   0.121E+00     33.01     38.03
     6.000    5541.0   0.109E+00     33.10     38.32
     6.300    5541.0   0.691E-01     33.19     38.61
     6.600    5541.0   0.346E-01     33.28     38.90
     6.900    5541.0   0.840E-01     33.38     39.19
     7.200    5541.0   0.224E+00     33.47     39.48
     7.500    5541.0   0.416E+00     33.57     39.77
     7.800    5541.0   0.642E+00     33.67     40.06
     8.100    5541.0   0.897E+00     33.76     40.36
     8.400    5541.0   0.110E+01     33.86     40.65
     8.700    5541.0   0.100E+01     33.96     40.94
     9.000    5541.0   0.807E+00     34.06     41.23
     9.300    5541.0   0.544E+00     34.16     41.52
     9.600    5541.0   0.327E+00     34.27     41.81
     9.900    5541.0   0.108E+00     34.37     42.10
    10.200    5541.0  -0.627E-01     34.47     42.39
    10.500    5541.0   0.387E-02     34.58     42.68
    10.800    5541.0   0.163E+00     34.68     42.97
    11.100    5541.0   0.332E+00     34.79     43.26
    11.400    5541.0   0.479E+00     34.90     43.55
    -0.000    5571.0  -0.749E+00     31.38     32.48
     0.300    5571.0  -0.706E+00     31.46     32.78
     0.600    5571.0  -0.669E+00     31.54     33.07
     0.900    5571.0  -0.611E+00     31.62     33.36
     1.200    5571.0  -0.564E+00     31.70     33.65
     1.500    5571.0  -0.405E+00     31.79     33.95
     1.800    5571.0  -0.238E+00     31.87     34.24
     2.100    5571.0  -0.743E-01     31.95     34.53
     2.400    5571.0   0.116E+00     32.04     34.82
     2.700    5571.0   0.264E+00     32.12     35.11
     3.000    5571.0   0.316E+00     32.21     35.41
     3.300    5571.0   0.371E+00     32.29     35.70
     3.600    5571.0   0.363E+00     32.38     35.99
     3.900    5571.0   0.289E+00     32.47     36.28
     4.200    5571.0   0.232E+00     32.56     36.57
     4.500    5571.0   0.141E+00     32.64     36.86
     4.800    5571.0   0.304E-01     32.73     37.15
     5.100    5571.0  -0.811E-01     32.82     37.45
     5.400    5571.0  -0.174E+00     32.91     37.74
     5.700    5571.0  -0.262E+00     33.01     38.03
     6.000    5571.0  -0.393E+00     33.10     38.32
     6.300    5571.0  -0.555E+00     33.19     38.61
     6.600    5571.0  -0.565E+00     33.28     38.90
     6.900    5571.0  -0.461E+00     33.38     39.19
     7.200    5571.0  -0.302E+00     33.47     39.48
     7.500    5571.0  -0.293E-01     33.57     39.77
     7.800    5571.0   0.270E+00     33.67     40.06
     8.100    5571.0   0.549E+00     33.76     40.36
     8.400    5571.0   0.820E+00     33.86     40.65
     8.700    5571.0   0.782E+00     33.96     40.94
     9.000    5571.0   0.772E+00     34.06     41.23
     9.300    5571.0   0.757E+00     34.16     41.52
     9.600    5571.0   0.425E+00     34.27     41.81
     9.900    5571.0   0.226E+00     34.37     42.10
    10.200    5571.0   0.516E-01     34.47     42.39
    10.500    5571.0  -0.562E-02     34.58     42.68
    10.800    5571.0   0.741E-01     34.68     42.97
    11.100    5571.0   0.135E+00     34.79     43.26
    11.400    5571.0   0.197E+00     34.90     43.55
    -0.000    5601.0  -0.749E+00     31.38     32.48
     0.300    5601.0  -0.706E+00     31.46     32.78
     0.600    5601.0  -0.669E+00     31.54     33.07
     0.900    5601.0  -0.611E+00     31.62     33.36
     1.200    5601.0  -0.564E+00     31.70     33.65
     1.500    5601.0  -0.405E+00     31.79     33.95
     1.800    5601.0  -0.238E+00     31.87     34.24
     2.100    5601.0  -0.743E-01     31.95     34.53
     2.400    5601.0   0.116E+00     32.04     34.82
     2.700    5601.0   0.264E+00     32.12     35.11
     3.000    5601.0   0.316E+00     32.21     35.41
     3.300    5601.0   0.371E+00     32.29     35.70
     3.600    5601.0   0.363E+00     32.38     35.99
     3.900    5601.0   0.289E+00     32.47     36.28
     4.200    5601.0   0.232E+00     32.56     36.57
     4.500    5601.0   0.141E+00     32.64     36.86
     4.800    5601.0   0.304E-01     32.73     37.15
     5.100    5601.0  -0.811E-01     32.82     37.45
     5.400    5601.0  -0.174E+00     32.91     37.74
     5.700    5601.0  -0.262E+00     33.01     38.03
     6.000    5601.0  -0.393E+00     33.10     38.32
     6.300    5601.0  -0.555E+00     33.19     38.61
     6.600    5601.0  -0.565E+00     33.28     38.90
     6.900    5601.0  -0.461E+00     33.38     39.19
     7.200    5601.0  -0.302E+00     33.47     39.48
     7.500    5601.0  -0.293E-01     33.57     39.77
     7.800    5601.0   0.270E+00     33.67     40.06
     8.100    5601.0   0.549E+00     33.76     40.36
     8.400    5601.0   0.820E+00     33.86     40.65
     8.700    5601.0   0.782E+00     33.96     40.94
     9.000    5601.0   0.772E+00     34.06     41.23
     9.300    5601.0   0.757E+00     34.16     41.52
     9.600    5601.0   0.425E+00     34.27     41.81
     9.900    5601.0   0.226E+00     34.37     42.10
    10.200    5601.0   0.516E-01     34.47     42.39
    10.500    5601.0  -0.561E-02     34.58     42.68
    10.800    5601.0   0.741E-01     34.68     42.97
    11.100    5601.0   0.135E+00     34.79     43.26
    11.400    5601.0   0.197E+00     34.90     43.55
    -0.000    5631.0  -0.749E+00     31.38     32.48
     0.300    5631.0  -0.706E+00     31.46     32.78
     0.600    5631.0  -0.669E+00     31.54     33.07
     0.900    5631.0  -0.611E+00     31.62     33.36
     1.200    5631.0  -0.564E+00     31.70     33.65
     1.500    5631.0  -0.405E+00     31.79     33.95
     1.800    5631.0  -0.238E+00     31.87     34.24
     2.100    5631.0  -0.743E-01     31.95     34.53
     2.400    5631.0   0.116E+00     32.04     34.82
     2.700    5631.0   0.264E+00     32.12     35.11
     3.000    5631.0   0.316E+00     32.21     35.41
     3.300    5631.0   0.371E+00     32.29     35.70
     3.600    5631.0   0.363E+00     32.38     35.99
     3.900    5631.0   0.289E+00     32.47     36.28
     4.200    5631.0   0.232E+00     32.56     36.57
     4.500    5631.0   0.141E+00     32.64     36.86
     4.800    5631.0   0.304E-01     32.73     37.15
     5.100    5631.0  -0.811E-01     32.82     37.45
     5.400    5631.0  -0.174E+00     32.91     37.74
     5.700    5631.0  -0.262E+00     33.01     38.03
     6.000    5631.0  -0.393E+00     33.10     38.32
     6.300    5631.0  -0.555E+00     33.19     38.61
     6.600    5631.0  -0.565E+00     33.28     38.90
     6.900    5631.0  -0.461E+00     33.38     39.19
     7.200    5631.0  -0.302E+00     33.47     39.48
     7.500    5631.0  -0.293E-01     33.57     39.77
     7.800    5631.0   0.270E+00     33.67     40.06
     8.100    5631.0   0.549E+00     33.76     40.36
     8.400    5631.0   0.820E+00     33.86     40.65
     8.700    5631.0   0.782E+00     33.96     40.94
     9.000    5631.0   0.772E+00     34.06     41.23
     9.300    5631.0   0.757E+00     34.16     41.52
     9.600    5631.0   0.425E+00     34.27     41.81
     9.900    5631.0   0.226E+00     34.37     42.10
    10.200    5631.0   0.516E-01     34.47     42.39
    10.500    5631.0  -0.561E-02     34.58     42.68
    10.800    5631.0   0.741E-01     34.68     42.97
    11.100    5631.0   0.135E+00     34.79     43.26
    11.400    5631.0   0.197E+00     34.90     43.55
    -0.000    5661.0  -0.153E+01     31.38     32.48
     0.300    5661.0  -0.140E+01     31.46     32.78
     0.600    5661.0  -0.126E+01     31.54     33.07
     0.900    5661.0  -0.108E+01     31.62     33.36
     1.200    5661.0  -0.887E+00     31.70     33.65
     1.500    5661.0  -0.690E+00     31.79     33.95
     1.800    5661.0  -0.503E+00     31.87     34.24
     2.100    5661.0  -0.307E+00     31.95     34.53
     2.400    5661.0  -0.121E+00     32.04     34.82
     2.700    5661.0   0.180E-02     32.12     35.11
     3.000    5661.0   0.513E-01     32.21     35.41
     3.300    5661.0   0.151E+00     32.29     35.70
     3.600    5661.0   0.217E+00     32.38     35.99
     3.900    5661.0   0.194E+00     32.47     36.28
     4.200    5661.0   0.190E+00     32.56     36.57
     4.500    5661.0   0.821E-01     32.64     36.86
     4.800    5661.0  -0.913E-01     32.73     37.15
     5.100    5661.0  -0.237E+00     32.82     37.45
     5.400    5661.0  -0.390E+00     32.91     37.74
     5.700    5661.0  -0.509E+00     33.01     38.03
     6.000    5661.0  -0.538E+00     33.10     38.32
     6.300    5661.0  -0.551E+00     33.19     38.61
     6.600    5661.0  -0.493E+00     33.28     38.90
     6.900    5661.0  -0.401E+00     33.38     39.19
     7.200    5661.0  -0.319E+00     33.47     39.48
     7.500    5661.0  -0.232E+00     33.57     39.77
     7.800    5661.0  -0.172E+00     33.67     40.06
     8.100    5661.0  -0.859E-01     33.76     40.36
     8.400    5661.0  -0.868E-03     33.86     40.65
     8.700    5661.0   0.887E-01     33.96     40.94
     9.000    5661.0   0.208E+00     34.06     41.23
     9.300    5661.0   0.305E+00     34.16     41.52
     9.600    5661.0   0.281E+00     34.27     41.81
     9.900    5661.0   0.208E+00     34.37     42.10
    10.200    5661.0  -0.323E-01     34.47     42.39
    10.500    5661.0  -0.148E+00     34.58     42.68
    10.800    5661.0  -0.280E+00     34.68     42.97
    11.100    5661.0  -0.490E+00     34.79     43.26
    11.400    5661.0  -0.606E+00     34.90     43.55
    -0.000    5691.0  -0.153E+01     31.38     32.48
     0.300    5691.0  -0.140E+01     31.46     32.78
     0.600    5691.0  -0.126E+01     31.54     33.07
     0.900    5691.0  -0.108E+01     31.62     33.36
     1.200    5691.0  -0.887E+00     31.70     33.65
     1.500    5691.0  -0.690E+00     31.79     33.95
     1.800    5691.0  -0.503E+00     31.87     34.24
     2.100    5691.0  -0.307E+00     31.95     34.53
     2.400    5691.0  -0.121E+00     32.04     34.82
     2.700    5691.0   0.181E-02     32.12     35.11
     3.000    5691.0   0.513E-01     32.21     35.41
     3.300    5691.0   0.151E+00     32.29     35.70
     3.600    5691.0   0.217E+00     32.38     35.99
     3.900    5691.0   0.194E+00     32.47     36.28
     4.200    5691.0   0.190E+00     32.56     36.57
     4.500    5691.0   0.821E-01     32.64     36.86
     4.800    5691.0  -0.913E-01     32.73     37.15
     5.100    5691.0  -0.237E+00     32.82     37.45
     5.400    5691.0  -0.390E+00     32.91     37.74
     5.700    5691.0  -0.509E+00     33.01     38.03
     6.000    5691.0  -0.538E+00     33.10     38.32
     6.300    5691.0  -0.551E+00     33.19     38.61
     6.600    5691.0  -0.493E+00     33.28     38.90
     6.900    5691.0  -0.401E+00     33.38     39.19
     7.200    5691.0  -0.319E+00     33.47     39.48
     7.500    5691.0  -0.232E+00     33.57     39.77
     7.800    5691.0  -0.172E+00     33.67     40.06
     8.100    5691.0  -0.859E-01     33.76     40.36
     8.400    5691.0  -0.868E-03     33.86     40.65
     8.700    5691.0   0.887E-01     33.96     40.94
     9.000    5691.0   0.208E+00     34.06     41.23
     9.300    5691.0   0.305E+00     34.16     41.52
     9.600    5691.0   0.281E+00     34.27     41.81
     9.900    5691.0   0.208E+00     34.37     42.10
    10.200    5691.0  -0.323E-01     34.47     42.39
    10.500    5691.0  -0.148E+00     34.58     42.68
    10.800    5691.0  -0.280E+00     34.68     42.97
    11.100    5691.0  -0.490E+00     34.79     43.26
    11.400    5691.0  -0.606E+00     34.90     43.55
    -0.000    5721.0  -0.163E+01     31.38     32.48
     0.300    5721.0  -0.147E+01     31.46     32.78
     0.600    5721.0  -0.128E+01     31.54     33.07
     0.900    5721.0  -0.104E+01     31.62     33.36
     1.200    5721.0  -0.787E+00     31.70     33.65
     1.500    5721.0  -0.555E+00     31.79     33.95
     1.800    5721.0  -0.379E+00     31.87     34.24
     2.100    5721.0  -0.186E+00     31.95     34.53
     2.400    5721.0   0.330E-01     32.04     34.82
     2.700    5721.0   0.197E+00     32.12     35.11
     3.000    5721.0   0.241E+00     32.21     35.41
     3.300    5721.0   0.337E+00     32.29     35.70
     3.600    5721.0   0.415E+00     32.38     35.99
     3.900    5721.0   0.414E+00     32.47     36.28
     4.200    5721.0   0.414E+00     32.56     36.57
     4.500    5721.0   0.314E+00     32.64     36.86
     4.800    5721.0   0.149E+00     32.73     37.15
     5.100    5721.0   0.102E-01     32.82     37.45
     5.400    5721.0  -0.800E-01     32.91     37.74
     5.700    5721.0  -0.118E+00     33.01     38.03
     6.000    5721.0  -0.109E+00     33.10     38.32
     6.300    5721.0  -0.498E-01     33.19     38.61
     6.600    5721.0   0.597E-02     33.28     38.90
     6.900    5721.0   0.603E-01     33.38     39.19
     7.200    5721.0   0.108E+00     33.47     39.48
     7.500    5721.0   0.672E-01     33.57     39.77
     7.800    5721.0  -0.334E-01     33.67     40.06
     8.100    5721.0  -0.883E-01     33.76     40.36
     8.400    5721.0  -0.183E+00     33.86     40.65
     8.700    5721.0  -0.110E+00     33.96     40.94
     9.000    5721.0   0.747E-01     34.06     41.23
     9.300    5721.0   0.240E+00     34.16     41.52
     9.600    5721.0   0.252E+00     34.27     41.81
     9.900    5721.0   0.276E+00     34.37     42.10
    10.200    5721.0   0.819E-02     34.47     42.39
    10.500    5721.0  -0.206E+00     34.58     42.68
    10.800    5721.0  -0.442E+00     34.68     42.97
    11.100    5721.0  -0.755E+00     34.79     43.26
    11.400    5721.0  -0.910E+00     34.90     43.55
    -0.000    5751.0  -0.114E+01     31.38     32.48
     0.300    5751.0  -0.111E+01     31.46     32.78
     0.600    5751.0  -0.959E+00     31.54     33.07
     0.900    5751.0  -0.671E+00     31.62     33.36
     1.200    5751.0  -0.453E+00     31.70     33.65
     1.500    5751.0  -0.213E+00     31.79     33.95
     1.800    5751.0   0.524E-01     31.87     34.24
     2.100    5751.0   0.301E+00     31.95     34.53
     2.400    5751.0   0.576E+00     32.04     34.82
     2.700    5751.0   0.792E+00     32.12     35.11
     3.000    5751.0   0.921E+00     32.21     35.41
     3.300    5751.0   0.109E+01     32.29     35.70
     3.600    5751.0   0.119E+01     32.38     35.99
     3.900    5751.0   0.111E+01     32.47     36.28
     4.200    5751.0   0.102E+01     32.56     36.57
     4.500    5751.0   0.970E+00     32.64     36.86
     4.800    5751.0   0.968E+00     32.73     37.15
     5.100    5751.0   0.101E+01     32.82     37.45
     5.400    5751.0   0.106E+01     32.91     37.74
     5.700    5751.0   0.112E+01     33.01     38.03
     6.000    5751.0   0.112E+01     33.10     38.32
     6.300    5751.0   0.113E+01     33.19     38.61
     6.600    5751.0   0.114E+01     33.28     38.90
     6.900    5751.0   0.119E+01     33.38     39.19
     7.200    5751.0   0.126E+01     33.47     39.48
     7.500    5751.0   0.125E+01     33.57     39.77
     7.800    5751.0   0.121E+01     33.67     40.06
     8.100    5751.0   0.103E+01     33.76     40.36
     8.400    5751.0   0.746E+00     33.86     40.65
     8.700    5751.0   0.541E+00     33.96     40.94
     9.000    5751.0   0.419E+00     34.06     41.23
     9.300    5751.0   0.325E+00     34.16     41.52
     9.600    5751.0   0.377E+00     34.27     41.81
     9.900    5751.0   0.341E+00     34.37     42.10
    10.200    5751.0   0.431E-01     34.47     42.39
    10.500    5751.0  -0.757E-01     34.58     42.68
    10.800    5751.0  -0.248E+00     34.68     42.97
    11.100    5751.0  -0.494E+00     34.79     43.26
    11.400    5751.0  -0.557E+00     34.90     43.55
    -0.000    5781.0  -0.114E+01     31.38     32.48
     0.300    5781.0  -0.111E+01     31.46     32.78
     0.600    5781.0  -0.959E+00     31.54     33.07
     0.900    5781.0  -0.671E+00     31.62     33.36
     1.200    5781.0  -0.453E+00     31.70     33.65
     1.500    5781.0  -0.213E+00     31.79     33.95
     1.800    5781.0   0.524E-01     31.87     34.24
     2.100    5781.0   0.301E+00     31.95     34.53
     2.400    5781.0   0.576E+00     32.04     34.82
     2.700    5781.0   0.792E+00     32.12     35.11
     3.000    5781.0   0.921E+00     32.21     35.41
     3.300    5781.0   0.109E+01     32.29     35.70
     3.600    5781.0   0.119E+01     32.38     35.99
     3.900    5781.0   0.111E+01     32.47     36.28
     4.200    5781.0   0.102E+01     32.56     36.57
     4.500    5781.0   0.970E+00     32.64     36.86
     4.800    5781.0   0.968E+00     32.73     37.15
     5.100    5781.0   0.101E+01     32.82     37.45
     5.400    5781.0   0.106E+01     32.91     37.74
     5.700    5781.0   0.112E+01     33.01     38.03
     6.000    5781.0   0.112E+01     33.10     38.32
     6.300    5781.0   0.113E+01     33.19     38.61
     6.600    5781.0   0.114E+01     33.28     38.90
     6.900    5781.0   0.119E+01     33.38     39.19
     7.200    5781.0   0.126E+01     33.47     39.48
     7.500    5781.0   0.125E+01     33.57     39.77
     7.800    5781.0   0.121E+01     33.67     40.06
     8.100    5781.0   0.103E+01     33.76     40.36
     8.400    5781.0   0.746E+00     33.86     40.65
     8.700    5781.0   0.541E+00     33.96     40.94
     9.000    5781.0   0.419E+00     34.06     41.23
     9.300    5781.0   0.325E+00     34.16     41.52
     9.600    5781.0   0.377E+00     34.27     41.81
     9.900    5781.0   0.341E+00     34.37     42.10
    10.200    5781.0   0.431E-01     34.47     42.39
    10.500    5781.0  -0.757E-01     34.58     42.68
    10.800    5781.0  -0.248E+00     34.68     42.97
    11.100    5781.0  -0.494E+00     34.79     43.26
    11.400    5781.0  -0.557E+00     34.90     43.55
    -0.000    5811.0  -0.114E+01     31.38     32.48
     0.300    5811.0  -0.111E+01     31.46     32.78
     0.600    5811.0  -0.959E+00     31.54     33.07
     0.900    5811.0  -0.671E+00     31.62     33.36
     1.200    5811.0  -0.453E+00     31.70     33.65
     1.500    5811.0  -0.213E+00     31.79     33.95
     1.800    5811.0   0.524E-01     31.87     34.24
     2.100    5811.0   0.301E+00     31.95     34.53
     2.400    5811.0   0.576E+00     32.04     34.82
     2.700    5811.0   0.792E+00     32.12     35.11
     3.000    5811.0   0.921E+00     32.21     35.41
     3.300    5811.0   0.109E+01     32.29     35.70
     3.600    5811.0   0.119E+01     32.38     35.99
     3.900    5811.0   0.111E+01     32.47     36.28
     4.200    5811.0   0.102E+01     32.56     36.57
     4.500    5811.0   0.970E+00     32.64     36.86
     4.800    5811.0   0.968E+00     32.73     37.15
     5.100    5811.0   0.101E+01     32.82     37.45
     5.400    5811.0   0.106E+01     32.91     37.74
     5.700    5811.0   0.112E+01     33.01     38.03
     6.000    5811.0   0.112E+01     33.10     38.32
     6.300    5811.0   0.113E+01     33.19     38.61
     6.600    5811.0   0.114E+01     33.28     38.90
     6.900    5811.0   0.119E+01     33.38     39.19
     7.200    5811.0   0.126E+01     33.47     39.48
     7.500    5811.0   0.125E+01     33.57     39.77
     7.800    5811.0   0.121E+01     33.67     40.06
     8.100    5811.0   0.103E+01     33.76     40.36
     8.400    5811.0   0.746E+00     33.86     40.65
     8.700    5811.0   0.541E+00     33.96     40.94
     9.000    5811.0   0.419E+00     34.06     41.23
     9.300    5811.0   0.325E+00     34.16     41.52
     9.600    5811.0   0.377E+00     34.27     41.81
     9.900    5811.0   0.341E+00     34.37     42.10
    10.200    5811.0   0.431E-01     34.47     42.39
    10.500    5811.0  -0.757E-01     34.58     42.68
    10.800    5811.0  -0.248E+00     34.68     42.97
    11.100    5811.0  -0.494E+00     34.79     43.26
    11.400    5811.0  -0.557E+00     34.90     43.55
    -0.000    5841.0  -0.125E+01     31.38     32.48
     0.300    5841.0  -0.136E+01     31.46     32.78
     0.600    5841.0  -0.132E+01     31.54     33.07
     0.900    5841.0  -0.106E+01     31.62     33.36
     1.200    5841.0  -0.823E+00     31.70     33.65
     1.500    5841.0  -0.527E+00     31.79     33.95
     1.800    5841.0  -0.134E+00     31.87     34.24
     2.100    5841.0   0.240E+00     31.95     34.53
     2.400    5841.0   0.608E+00     32.04     34.82
     2.700    5841.0   0.902E+00     32.12     35.11
     3.000    5841.0   0.104E+01     32.21     35.41
     3.300    5841.0   0.120E+01     32.29     35.70
     3.600    5841.0   0.119E+01     32.38     35.99
     3.900    5841.0   0.989E+00     32.47     36.28
     4.200    5841.0   0.867E+00     32.56     36.57
     4.500    5841.0   0.889E+00     32.64     36.86
     4.800    5841.0   0.959E+00     32.73     37.15
     5.100    5841.0   0.112E+01     32.82     37.45
     5.400    5841.0   0.137E+01     32.91     37.74
     5.700    5841.0   0.149E+01     33.01     38.03
     6.000    5841.0   0.128E+01     33.10     38.32
     6.300    5841.0   0.112E+01     33.19     38.61
     6.600    5841.0   0.111E+01     33.28     38.90
     6.900    5841.0   0.116E+01     33.38     39.19
     7.200    5841.0   0.127E+01     33.47     39.48
     7.500    5841.0   0.148E+01     33.57     39.77
     7.800    5841.0   0.162E+01     33.67     40.06
     8.100    5841.0   0.142E+01     33.76     40.36
     8.400    5841.0   0.108E+01     33.86     40.65
     8.700    5841.0   0.714E+00     33.96     40.94
     9.000    5841.0   0.412E+00     34.06     41.23
     9.300    5841.0   0.194E+00     34.16     41.52
     9.600    5841.0   0.218E+00     34.27     41.81
     9.900    5841.0   0.315E+00     34.37     42.10
    10.200    5841.0   0.345E+00     34.47     42.39
    10.500    5841.0   0.399E+00     34.58     42.68
    10.800    5841.0   0.389E+00     34.68     42.97
    11.100    5841.0   0.359E+00     34.79     43.26
    11.400    5841.0   0.333E+00     34.90     43.55
    -0.000    5871.0  -0.125E+01     31.38     32.48
     0.300    5871.0  -0.136E+01     31.46     32.78
     0.600    5871.0  -0.132E+01     31.54     33.07
     0.900    5871.0  -0.106E+01     31.62     33.36
     1.200    5871.0  -0.823E+00     31.70     33.65
     1.500    5871.0  -0.527E+00     31.79     33.95
     1.800    5871.0  -0.134E+00     31.87     34.24
     2.100    5871.0   0.240E+00     31.95     34.53
     2.400    5871.0   0.608E+00     32.04     34.82
     2.700    5871.0   0.902E+00     32.12     35.11
     3.000    5871.0   0.104E+01     32.21     35.41
     3.300    5871.0   0.120E+01     32.29     35.70
     3.600    5871.0   0.119E+01     32.38     35.99
     3.900    5871.0   0.989E+00     32.47     36.28
     4.200    5871.0   0.867E+00     32.56     36.57
     4.500    5871.0   0.889E+00     32.64     36.86
     4.800    5871.0   0.959E+00     32.73     37.15
     5.100    5871.0   0.112E+01     32.82     37.45
     5.400    5871.0   0.137E+01     32.91     37.74
     5.700    5871.0   0.149E+01     33.01     38.03
     6.000    5871.0   0.128E+01     33.10     38.32
     6.300    5871.0   0.112E+01     33.19     38.61
     6.600    5871.0   0.111E+01     33.28     38.90
     6.900    5871.0   0.116E+01     33.38     39.19
     7.200    5871.0   0.127E+01     33.47     39.48
     7.500    5871.0   0.148E+01     33.57     39.77
     7.800    5871.0   0.162E+01     33.67     40.06
     8.100    5871.0   0.142E+01     33.76     40.36
     8.400    5871.0   0.108E+01     33.86     40.65
     8.700    5871.0   0.714E+00     33.96     40.94
     9.000    5871.0   0.412E+00     34.06     41.23
     9.300    5871.0   0.194E+00     34.16     41.52
     9.600    5871.0   0.218E+00     34.27     41.81
     9.900    5871.0   0.315E+00     34.37     42.10
    10.200    5871.0   0.345E+00     34.47     42.39
    10.500    5871.0   0.399E+00     34.58     42.68
    10.800    5871.0   0.389E+00     34.68     42.97
    11.100    5871.0   0.359E+00     34.79     43.26
    11.400    5871.0   0.333E+00     34.90     43.55
    -0.000    5901.0  -0.125E+01     31.38     32.48
     0.300    5901.0  -0.136E+01     31.46     32.78
     0.600    5901.0  -0.132E+01     31.54     33.07
     0.900    5901.0  -0.106E+01     31.62     33.36
     1.200    5901.0  -0.823E+00     31.70     33.65
     1.500    5901.0  -0.527E+00     31.79     33.95
     1.800    5901.0  -0.134E+00     31.87     34.24
     2.100    5901.0   0.240E+00     31.95     34.53
     2.400    5901.0   0.608E+00     32.04     34.82
     2.700    5901.0   0.902E+00     32.12     35.11
     3.000    5901.0   0.104E+01     32.21     35.41
     3.300    5901.0   0.120E+01     32.29     35.70
     3.600    5901.0   0.119E+01     32.38     35.99
     3.900    5901.0   0.989E+00     32.47     36.28
     4.200    5901.0   0.867E+00     32.56     36.57
     4.500    5901.0   0.889E+00     32.64     36.86
     4.800    5901.0   0.959E+00     32.73     37.15
     5.100    5901.0   0.112E+01     32.82     37.45
     5.400    5901.0   0.137E+01     32.91     37.74
     5.700    5901.0   0.149E+01     33.01     38.03
     6.000    5901.0   0.128E+01     33.10     38.32
     6.300    5901.0   0.112E+01     33.19     38.61
     6.600    5901.0   0.111E+01     33.28     38.90
     6.900    5901.0   0.116E+01     33.38     39.19
     7.200    5901.0   0.127E+01     33.47     39.48
     7.500    5901.0   0.148E+01     33.57     39.77
     7.800    5901.0   0.162E+01     33.67     40.06
     8.100    5901.0   0.142E+01     33.76     40.36
     8.400    5901.0   0.108E+01     33.86     40.65
     8.700    5901.0   0.714E+00     33.96     40.94
     9.000    5901.0   0.412E+00     34.06     41.23
     9.300    5901.0   0.194E+00     34.16     41.52
     9.600    5901.0   0.218E+00     34.27     41.81
     9.900    5901.0   0.315E+00     34.37     42.10
    10.200    5901.0   0.345E+00     34.47     42.39
    10.500    5901.0   0.399E+00     34.58     42.68
    10.800    5901.0   0.389E+00     34.68     42.97
    11.100    5901.0   0.359E+00     34.79     43.26
    11.400    5901.0   0.333E+00     34.90     43.55
    -0.000    5931.0  -0.158E+01     31.38     32.48
     0.300    5931.0  -0.183E+01     31.46     32.78
     0.600    5931.0  -0.193E+01     31.54     33.07
     0.900    5931.0  -0.183E+01     31.62     33.36
     1.200    5931.0  -0.177E+01     31.70     33.65
     1.500    5931.0  -0.153E+01     31.79     33.95
     1.800    5931.0  -0.106E+01     31.87     34.24
     2.100    5931.0  -0.655E+00     31.95     34.53
     2.400    5931.0  -0.259E+00     32.04     34.82
     2.700    5931.0   0.882E-01     32.12     35.11
     3.000    5931.0   0.244E+00     32.21     35.41
     3.300    5931.0   0.410E+00     32.29     35.70
     3.600    5931.0   0.392E+00     32.38     35.99
     3.900    5931.0   0.142E+00     32.47     36.28
     4.200    5931.0  -0.666E-01     32.56     36.57
     4.500    5931.0   0.306E-02     32.64     36.86
     4.800    5931.0   0.168E+00     32.73     37.15
     5.100    5931.0   0.428E+00     32.82     37.45
     5.400    5931.0   0.694E+00     32.91     37.74
     5.700    5931.0   0.785E+00     33.01     38.03
     6.000    5931.0   0.559E+00     33.10     38.32
     6.300    5931.0   0.327E+00     33.19     38.61
     6.600    5931.0   0.222E+00     33.28     38.90
     6.900    5931.0   0.241E+00     33.38     39.19
     7.200    5931.0   0.372E+00     33.47     39.48
     7.500    5931.0   0.576E+00     33.57     39.77
     7.800    5931.0   0.727E+00     33.67     40.06
     8.100    5931.0   0.570E+00     33.76     40.36
     8.400    5931.0   0.318E+00     33.86     40.65
     8.700    5931.0  -0.545E-01     33.96     40.94
     9.000    5931.0  -0.379E+00     34.06     41.23
     9.300    5931.0  -0.564E+00     34.16     41.52
     9.600    5931.0  -0.426E+00     34.27     41.81
     9.900    5931.0  -0.254E+00     34.37     42.10
    10.200    5931.0  -0.592E-01     34.47     42.39
    10.500    5931.0   0.971E-01     34.58     42.68
    10.800    5931.0   0.216E+00     34.68     42.97
    11.100    5931.0   0.261E+00     34.79     43.26
    11.400    5931.0   0.245E+00     34.90     43.55
    -0.000    5961.0  -0.158E+01     31.38     32.48
     0.300    5961.0  -0.183E+01     31.46     32.78
     0.600    5961.0  -0.193E+01     31.54     33.07
     0.900    5961.0  -0.183E+01     31.62     33.36
     1.200    5961.0  -0.177E+01     31.70     33.65
     1.500    5961.0  -0.153E+01     31.79     33.95
     1.800    5961.0  -0.106E+01     31.87     34.24
     2.100    5961.0  -0.655E+00     31.95     34.53
     2.400    5961.0  -0.259E+00     32.04     34.82
     2.700    5961.0   0.882E-01     32.12     35.11
     3.000    5961.0   0.244E+00     32.21     35.41
     3.300    5961.0   0.410E+00     32.29     35.70
     3.600    5961.0   0.392E+00     32.38     35.99
     3.900    5961.0   0.142E+00     32.47     36.28
     4.200    5961.0  -0.666E-01     32.56     36.57
     4.500    5961.0   0.306E-02     32.64     36.86
     4.800    5961.0   0.168E+00     32.73     37.15
     5.100    5961.0   0.428E+00     32.82     37.45
     5.400    5961.0   0.694E+00     32.91     37.74
     5.700    5961.0   0.785E+00     33.01     38.03
     6.000    5961.0   0.559E+00     33.10     38.32
     6.300    5961.0   0.327E+00     33.19     38.61
     6.600    5961.0   0.222E+00     33.28     38.90
     6.900    5961.0   0.241E+00     33.38     39.19
     7.200    5961.0   0.372E+00     33.47     39.48
     7.500    5961.0   0.576E+00     33.57     39.77
     7.800    5961.0   0.727E+00     33.67     40.06
     8.100    5961.0   0.570E+00     33.76     40.36
     8.400    5961.0   0.318E+00     33.86     40.65
     8.700    5961.0  -0.545E-01     33.96     40.94
     9.000    5961.0  -0.379E+00     34.06     41.23
     9.300    5961.0  -0.564E+00     34.16     41.52
     9.600    5961.0  -0.426E+00     34.27     41.81
     9.900    5961.0  -0.254E+00     34.37     42.10
    10.200    5961.0  -0.592E-01     34.47     42.39
    10.500    5961.0   0.971E-01     34.58     42.68
    10.800    5961.0   0.216E+00     34.68     42.97
    11.100    5961.0   0.261E+00     34.79     43.26
    11.400    5961.0   0.245E+00     34.90     43.55
    -0.000    5991.0  -0.121E+01     31.38     32.48
     0.300    5991.0  -0.149E+01     31.46     32.78
     0.600    5991.0  -0.172E+01     31.54     33.07
     0.900    5991.0  -0.179E+01     31.62     33.36
     1.200    5991.0  -0.188E+01     31.70     33.65
     1.500    5991.0  -0.173E+01     31.79     33.95
     1.800    5991.0  -0.136E+01     31.87     34.24
     2.100    5991.0  -0.103E+01     31.95     34.53
     2.400    5991.0  -0.660E+00     32.04     34.82
     2.700    5991.0  -0.304E+00     32.12     35.11
     3.000    5991.0  -0.128E+00     32.21     35.41
     3.300    5991.0   0.638E-01     32.29     35.70
     3.600    5991.0   0.570E-01     32.38     35.99
     3.900    5991.0  -0.181E+00     32.47     36.28
     4.200    5991.0  -0.389E+00     32.56     36.57
     4.500    5991.0  -0.317E+00     32.64     36.86
     4.800    5991.0  -0.157E+00     32.73     37.15
     5.100    5991.0   0.679E-01     32.82     37.45
     5.400    5991.0   0.252E+00     32.91     37.74
     5.700    5991.0   0.312E+00     33.01     38.03
     6.000    5991.0   0.133E+00     33.10     38.32
     6.300    5991.0  -0.964E-01     33.19     38.61
     6.600    5991.0  -0.202E+00     33.28     38.90
     6.900    5991.0  -0.209E+00     33.38     39.19
     7.200    5991.0  -0.134E+00     33.47     39.48
     7.500    5991.0   0.150E-01     33.57     39.77
     7.800    5991.0   0.128E+00     33.67     40.06
     8.100    5991.0   0.807E-01     33.76     40.36
     8.400    5991.0  -0.923E-02     33.86     40.65
     8.700    5991.0  -0.275E+00     33.96     40.94
     9.000    5991.0  -0.540E+00     34.06     41.23
     9.300    5991.0  -0.694E+00     34.16     41.52
     9.600    5991.0  -0.576E+00     34.27     41.81
     9.900    5991.0  -0.491E+00     34.37     42.10
    10.200    5991.0  -0.347E+00     34.47     42.39
    10.500    5991.0  -0.252E+00     34.58     42.68
    10.800    5991.0  -0.147E+00     34.68     42.97
    11.100    5991.0  -0.942E-02     34.79     43.26
    11.400    5991.0   0.436E-01     34.90     43.55
    -0.000    6021.0   0.338E+00     31.38     32.48
     0.300    6021.0  -0.173E-01     31.46     32.78
     0.600    6021.0  -0.389E+00     31.54     33.07
     0.900    6021.0  -0.760E+00     31.62     33.36
     1.200    6021.0  -0.116E+01     31.70     33.65
     1.500    6021.0  -0.132E+01     31.79     33.95
     1.800    6021.0  -0.126E+01     31.87     34.24
     2.100    6021.0  -0.110E+01     31.95     34.53
     2.400    6021.0  -0.852E+00     32.04     34.82
     2.700    6021.0  -0.593E+00     32.12     35.11
     3.000    6021.0  -0.290E+00     32.21     35.41
     3.300    6021.0  -0.377E-01     32.29     35.70
     3.600    6021.0   0.459E-03     32.38     35.99
     3.900    6021.0  -0.141E+00     32.47     36.28
     4.200    6021.0  -0.319E+00     32.56     36.57
     4.500    6021.0  -0.329E+00     32.64     36.86
     4.800    6021.0  -0.252E+00     32.73     37.15
     5.100    6021.0  -0.176E+00     32.82     37.45
     5.400    6021.0  -0.127E+00     32.91     37.74
     5.700    6021.0  -0.198E+00     33.01     38.03
     6.000    6021.0  -0.473E+00     33.10     38.32
     6.300    6021.0  -0.688E+00     33.19     38.61
     6.600    6021.0  -0.724E+00     33.28     38.90
     6.900    6021.0  -0.723E+00     33.38     39.19
     7.200    6021.0  -0.661E+00     33.47     39.48
     7.500    6021.0  -0.467E+00     33.57     39.77
     7.800    6021.0  -0.295E+00     33.67     40.06
     8.100    6021.0  -0.292E+00     33.76     40.36
     8.400    6021.0  -0.320E+00     33.86     40.65
     8.700    6021.0  -0.312E+00     33.96     40.94
     9.000    6021.0  -0.439E+00     34.06     41.23
     9.300    6021.0  -0.617E+00     34.16     41.52
     9.600    6021.0  -0.647E+00     34.27     41.81
     9.900    6021.0  -0.730E+00     34.37     42.10
    10.200    6021.0  -0.827E+00     34.47     42.39
    10.500    6021.0  -0.915E+00     34.58     42.68
    10.800    6021.0  -0.920E+00     34.68     42.97
    11.100    6021.0  -0.803E+00     34.79     43.26
    11.400    6021.0  -0.609E+00     34.90     43.55
    -0.000    6051.0   0.338E+00     31.38     32.48
     0.300    6051.0  -0.173E-01     31.46     32.78
     0.600    6051.0  -0.389E+00     31.54     33.07
     0.900    6051.0  -0.760E+00     31.62     33.36
     1.200    6051.0  -0.116E+01     31.70     33.65
     1.500    6051.0  -0.132E+01     31.79     33.95
     1.800    6051.0  -0.126E+01     31.87     34.24
     2.100    6051.0  -0.110E+01     31.95     34.53
     2.400    6051.0  -0.852E+00     32.04     34.82
     2.700    6051.0  -0.593E+00     32.12     35.11
     3.000    6051.0  -0.290E+00     32.21     35.41
     3.300    6051.0  -0.377E-01     32.29     35.70
     3.600    6051.0   0.458E-03     32.38     35.99
     3.900    6051.0  -0.141E+00     32.47     36.28
     4.200    6051.0  -0.319E+00     32.56     36.57
     4.500    6051.0  -0.329E+00     32.64     36.86
     4.800    6051.0  -0.252E+00     32.73     37.15
     5.100    6051.0  -0.176E+00     32.82     37.45
     5.400    6051.0  -0.127E+00     32.91     37.74
     5.700    6051.0  -0.198E+00     33.01     38.03
     6.000    6051.0  -0.473E+00     33.10     38.32
     6.300    6051.0  -0.688E+00     33.19     38.61
     6.600    6051.0  -0.724E+00     33.28     38.90
     6.900    6051.0  -0.723E+00     33.38     39.19
     7.200    6051.0  -0.661E+00     33.47     39.48
     7.500    6051.0  -0.467E+00     33.57     39.77
     7.800    6051.0  -0.295E+00     33.67     40.06
     8.100    6051.0  -0.292E+00     33.76     40.36
     8.400    6051.0  -0.320E+00     33.86     40.65
     8.700    6051.0  -0.312E+00     33.96     40.94
     9.000    6051.0  -0.439E+00     34.06     41.23
     9.300    6051.0  -0.617E+00     34.16     41.52
     9.600    6051.0  -0.647E+00     34.27     41.81
     9.900    6051.0  -0.730E+00     34.37     42.10
    10.200    6051.0  -0.827E+00     34.47     42.39
    10.500    6051.0  -0.915E+00     34.58     42.68
    10.800    6051.0  -0.920E+00     34.68     42.97
    11.100    6051.0  -0.803E+00     34.79     43.26
    11.400    6051.0  -0.609E+00     34.90     43.55
    -0.000    6081.0   0.338E+00     31.38     32.48
     0.300    6081.0  -0.173E-01     31.46     32.78
     0.600    6081.0  -0.389E+00     31.54     33.07
     0.900    6081.0  -0.760E+00     31.62     33.36
     1.200    6081.0  -0.116E+01     31.70     33.65
     1.500    6081.0  -0.132E+01     31.79     33.95
     1.800    6081.0  -0.126E+01     31.87     34.24
     2.100    6081.0  -0.110E+01     31.95     34.53
     2.400    6081.0  -0.852E+00     32.04     34.82
     2.700    6081.0  -0.593E+00     32.12     35.11
     3.000    6081.0  -0.290E+00     32.21     35.41
     3.300    6081.0  -0.377E-01     32.29     35.70
     3.600    6081.0   0.458E-03     32.38     35.99
     3.900    6081.0  -0.141E+00     32.47     36.28
     4.200    6081.0  -0.319E+00     32.56     36.57
     4.500    6081.0  -0.329E+00     32.64     36.86
     4.800    6081.0  -0.252E+00     32.73     37.15
     5.100    6081.0  -0.176E+00     32.82     37.45
     5.400    6081.0  -0.127E+00     32.91     37.74
     5.700    6081.0  -0.198E+00     33.01     38.03
     6.000    6081.0  -0.473E+00     33.10     38.32
     6.300    6081.0  -0.688E+00     33.19     38.61
     6.600    6081.0  -0.724E+00     33.28     38.90
     6.900    6081.0  -0.723E+00     33.38     39.19
     7.200    6081.0  -0.661E+00     33.47     39.48
     7.500    6081.0  -0.467E+00     33.57     39.77
     7.800    6081.0  -0.295E+00     33.67     40.06
     8.100    6081.0  -0.292E+00     33.76     40.36
     8.400    6081.0  -0.320E+00     33.86     40.65
     8.700    6081.0  -0.312E+00     33.96     40.94
     9.000    6081.0  -0.439E+00     34.06     41.23
     9.300    6081.0  -0.617E+00     34.16     41.52
     9.600    6081.0  -0.647E+00     34.27     41.81
     9.900    6081.0  -0.730E+00     34.37     42.10
    10.200    6081.0  -0.827E+00     34.47     42.39
    10.500    6081.0  -0.915E+00     34.58     42.68
    10.800    6081.0  -0.920E+00     34.68     42.97
    11.100    6081.0  -0.803E+00     34.79     43.26
    11.400    6081.0  -0.609E+00     34.90     43.55
    -0.000    6111.0   0.200E+01     31.38     32.48
     0.300    6111.0   0.166E+01     31.46     32.78
     0.600    6111.0   0.120E+01     31.54     33.07
     0.900    6111.0   0.650E+00     31.62     33.36
     1.200    6111.0   0.154E+00     31.70     33.65
     1.500    6111.0  -0.233E-01     31.79     33.95
     1.800    6111.0  -0.150E+00     31.87     34.24
     2.100    6111.0  -0.168E+00     31.95     34.53
     2.400    6111.0   0.802E-02     32.04     34.82
     2.700    6111.0   0.214E+00     32.12     35.11
     3.000    6111.0   0.392E+00     32.21     35.41
     3.300    6111.0   0.614E+00     32.29     35.70
     3.600    6111.0   0.650E+00     32.38     35.99
     3.900    6111.0   0.507E+00     32.47     36.28
     4.200    6111.0   0.430E+00     32.56     36.57
     4.500    6111.0   0.292E+00     32.64     36.86
     4.800    6111.0   0.255E+00     32.73     37.15
     5.100    6111.0   0.108E+00     32.82     37.45
     5.400    6111.0  -0.180E+00     32.91     37.74
     5.700    6111.0  -0.498E+00     33.01     38.03
     6.000    6111.0  -0.736E+00     33.10     38.32
     6.300    6111.0  -0.916E+00     33.19     38.61
     6.600    6111.0  -0.829E+00     33.28     38.90
     6.900    6111.0  -0.628E+00     33.38     39.19
     7.200    6111.0  -0.421E+00     33.47     39.48
     7.500    6111.0  -0.242E+00     33.57     39.77
     7.800    6111.0  -0.225E+00     33.67     40.06
     8.100    6111.0  -0.334E+00     33.76     40.36
     8.400    6111.0  -0.237E+00     33.86     40.65
     8.700    6111.0  -0.422E+00     33.96     40.94
     9.000    6111.0  -0.641E+00     34.06     41.23
     9.300    6111.0  -0.741E+00     34.16     41.52
     9.600    6111.0  -0.655E+00     34.27     41.81
     9.900    6111.0  -0.650E+00     34.37     42.10
    10.200    6111.0  -0.771E+00     34.47     42.39
    10.500    6111.0  -0.811E+00     34.58     42.68
    10.800    6111.0  -0.747E+00     34.68     42.97
    11.100    6111.0  -0.608E+00     34.79     43.26
    11.400    6111.0  -0.455E+00     34.90     43.55
    -0.000    6141.0   0.200E+01     31.38     32.48
     0.300    6141.0   0.166E+01     31.46     32.78
     0.600    6141.0   0.120E+01     31.54     33.07
     0.900    6141.0   0.650E+00     31.62     33.36
     1.200    6141.0   0.154E+00     31.70     33.65
     1.500    6141.0  -0.233E-01     31.79     33.95
     1.800    6141.0  -0.150E+00     31.87     34.24
     2.100    6141.0  -0.168E+00     31.95     34.53
     2.400    6141.0   0.803E-02     32.04     34.82
     2.700    6141.0   0.214E+00     32.12     35.11
     3.000    6141.0   0.392E+00     32.21     35.41
     3.300    6141.0   0.614E+00     32.29     35.70
     3.600    6141.0   0.650E+00     32.38     35.99
     3.900    6141.0   0.507E+00     32.47     36.28
     4.200    6141.0   0.430E+00     32.56     36.57
     4.500    6141.0   0.292E+00     32.64     36.86
     4.800    6141.0   0.255E+00     32.73     37.15
     5.100    6141.0   0.108E+00     32.82     37.45
     5.400    6141.0  -0.180E+00     32.91     37.74
     5.700    6141.0  -0.498E+00     33.01     38.03
     6.000    6141.0  -0.736E+00     33.10     38.32
     6.300    6141.0  -0.916E+00     33.19     38.61
     6.600    6141.0  -0.829E+00     33.28     38.90
     6.900    6141.0  -0.628E+00     33.38     39.19
     7.200    6141.0  -0.421E+00     33.47     39.48
     7.500    6141.0  -0.242E+00     33.57     39.77
     7.800    6141.0  -0.225E+00     33.67     40.06
     8.100    6141.0  -0.334E+00     33.76     40.36
     8.400    6141.0  -0.237E+00     33.86     40.65
     8.700    6141.0  -0.422E+00     33.96     40.94
     9.000    6141.0  -0.641E+00     34.06     41.23
     9.300    6141.0  -0.741E+00     34.16     41.52
     9.600    6141.0  -0.655E+00     34.27     41.81
     9.900    6141.0  -0.650E+00     34.37     42.10
    10.200    6141.0  -0.771E+00     34.47     42.39
    10.500    6141.0  -0.811E+00     34.58     42.68
    10.800    6141.0  -0.747E+00     34.68     42.97
    11.100    6141.0  -0.608E+00     34.79     43.26
    11.400    6141.0  -0.455E+00     34.90     43.55
    -0.000    6171.0   0.200E+01     31.38     32.48
     0.300    6171.0   0.166E+01     31.46     32.78
     0.600    6171.0   0.120E+01     31.54     33.07
     0.900    6171.0   0.650E+00     31.62     33.36
     1.200    6171.0   0.154E+00     31.70     33.65
     1.500    6171.0  -0.233E-01     31.79     33.95
     1.800    6171.0  -0.150E+00     31.87     34.24
     2.100    6171.0  -0.168E+00     31.95     34.53
     2.400    6171.0   0.802E-02     32.04     34.82
     2.700    6171.0   0.214E+00     32.12     35.11
     3.000    6171.0   0.392E+00     32.21     35.41
     3.300    6171.0   0.614E+00     32.29     35.70
     3.600    6171.0   0.650E+00     32.38     35.99
     3.900    6171.0   0.507E+00     32.47     36.28
     4.200    6171.0   0.430E+00     32.56     36.57
     4.500    6171.0   0.292E+00     32.64     36.86
     4.800    6171.0   0.255E+00     32.73     37.15
     5.100    6171.0   0.108E+00     32.82     37.45
     5.400    6171.0  -0.180E+00     32.91     37.74
     5.700    6171.0  -0.498E+00     33.01     38.03
     6.000    6171.0  -0.736E+00     33.10     38.32
     6.300    6171.0  -0.916E+00     33.19     38.61
     6.600    6171.0  -0.829E+00     33.28     38.90
     6.900    6171.0  -0.628E+00     33.38     39.19
     7.200    6171.0  -0.421E+00     33.47     39.48
     7.500    6171.0  -0.242E+00     33.57     39.77
     7.800    6171.0  -0.225E+00     33.67     40.06
     8.100    6171.0  -0.334E+00     33.76     40.36
     8.400    6171.0  -0.237E+00     33.86     40.65
     8.700    6171.0  -0.422E+00     33.96     40.94
     9.000    6171.0  -0.641E+00     34.06     41.23
     9.300    6171.0  -0.741E+00     34.16     41.52
     9.600    6171.0  -0.655E+00     34.27     41.81
     9.900    6171.0  -0.650E+00     34.37     42.10
    10.200    6171.0  -0.771E+00     34.47     42.39
    10.500    6171.0  -0.811E+00     34.58     42.68
    10.800    6171.0  -0.747E+00     34.68     42.97
    11.100    6171.0  -0.608E+00     34.79     43.26
    11.400    6171.0  -0.455E+00     34.90     43.55
    -0.000    6201.0   0.241E+01     31.38     32.48
     0.300    6201.0   0.210E+01     31.46     32.78
     0.600    6201.0   0.181E+01     31.54     33.07
     0.900    6201.0   0.154E+01     31.62     33.36
     1.200    6201.0   0.123E+01     31.70     33.65
     1.500    6201.0   0.126E+01     31.79     33.95
     1.800    6201.0   0.127E+01     31.87     34.24
     2.100    6201.0   0.130E+01     31.95     34.53
     2.400    6201.0   0.140E+01     32.04     34.82
     2.700    6201.0   0.147E+01     32.12     35.11
     3.000    6201.0   0.148E+01     32.21     35.41
     3.300    6201.0   0.149E+01     32.29     35.70
     3.600    6201.0   0.135E+01     32.38     35.99
     3.900    6201.0   0.121E+01     32.47     36.28
     4.200    6201.0   0.114E+01     32.56     36.57
     4.500    6201.0   0.913E+00     32.64     36.86
     4.800    6201.0   0.798E+00     32.73     37.15
     5.100    6201.0   0.667E+00     32.82     37.45
     5.400    6201.0   0.487E+00     32.91     37.74
     5.700    6201.0   0.221E+00     33.01     38.03
     6.000    6201.0   0.879E-01     33.10     38.32
     6.300    6201.0   0.150E+00     33.19     38.61
     6.600    6201.0   0.400E+00     33.28     38.90
     6.900    6201.0   0.759E+00     33.38     39.19
     7.200    6201.0   0.100E+01     33.47     39.48
     7.500    6201.0   0.887E+00     33.57     39.77
     7.800    6201.0   0.471E+00     33.67     40.06
     8.100    6201.0  -0.221E+00     33.76     40.36
     8.400    6201.0  -0.833E+00     33.86     40.65
     8.700    6201.0  -0.113E+01     33.96     40.94
     9.000    6201.0  -0.138E+01     34.06     41.23
     9.300    6201.0  -0.148E+01     34.16     41.52
     9.600    6201.0  -0.101E+01     34.27     41.81
     9.900    6201.0  -0.600E+00     34.37     42.10
    10.200    6201.0  -0.275E+00     34.47     42.39
    10.500    6201.0   0.168E+00     34.58     42.68
    10.800    6201.0   0.359E+00     34.68     42.97
    11.100    6201.0   0.470E+00     34.79     43.26
    11.400    6201.0   0.739E+00     34.90     43.55
    -0.000    6231.0   0.241E+01     31.38     32.48
     0.300    6231.0   0.210E+01     31.46     32.78
     0.600    6231.0   0.181E+01     31.54     33.07
     0.900    6231.0   0.154E+01     31.62     33.36
     1.200    6231.0   0.123E+01     31.70     33.65
     1.500    6231.0   0.126E+01     31.79     33.95
     1.800    6231.0   0.127E+01     31.87     34.24
     2.100    6231.0   0.130E+01     31.95     34.53
     2.400    6231.0   0.140E+01     32.04     34.82
     2.700    6231.0   0.147E+01     32.12     35.11
     3.000    6231.0   0.148E+01     32.21     35.41
     3.300    6231.0   0.149E+01     32.29     35.70
     3.600    6231.0   0.135E+01     32.38     35.99
     3.900    6231.0   0.121E+01     32.47     36.28
     4.200    6231.0   0.114E+01     32.56     36.57
     4.500    6231.0   0.913E+00     32.64     36.86
     4.800    6231.0   0.798E+00     32.73     37.15
     5.100    6231.0   0.667E+00     32.82     37.45
     5.400    6231.0   0.487E+00     32.91     37.74
     5.700    6231.0   0.221E+00     33.01     38.03
     6.000    6231.0   0.879E-01     33.10     38.32
     6.300    6231.0   0.150E+00     33.19     38.61
     6.600    6231.0   0.400E+00     33.28     38.90
     6.900    6231.0   0.759E+00     33.38     39.19
     7.200    6231.0   0.100E+01     33.47     39.48
     7.500    6231.0   0.887E+00     33.57     39.77
     7.800    6231.0   0.471E+00     33.67     40.06
     8.100    6231.0  -0.221E+00     33.76     40.36
     8.400    6231.0  -0.833E+00     33.86     40.65
     8.700    6231.0  -0.113E+01     33.96     40.94
     9.000    6231.0  -0.138E+01     34.06     41.23
     9.300    6231.0  -0.148E+01     34.16     41.52
     9.600    6231.0  -0.101E+01     34.27     41.81
     9.900    6231.0  -0.600E+00     34.37     42.10
    10.200    6231.0  -0.275E+00     34.47     42.39
    10.500    6231.0   0.168E+00     34.58     42.68
    10.800    6231.0   0.359E+00     34.68     42.97
    11.100    6231.0   0.470E+00     34.79     43.26
    11.400    6231.0   0.739E+00     34.90     43.55
    -0.000    6261.0   0.241E+01     31.38     32.48
     0.300    6261.0   0.210E+01     31.46     32.78
     0.600    6261.0   0.181E+01     31.54     33.07
     0.900    6261.0   0.154E+01     31.62     33.36
     1.200    6261.0   0.123E+01     31.70     33.65
     1.500    6261.0   0.126E+01     31.79     33.95
     1.800    6261.0   0.127E+01     31.87     34.24
     2.100    6261.0   0.130E+01     31.95     34.53
     2.400    6261.0   0.140E+01     32.04     34.82
     2.700    6261.0   0.147E+01     32.12     35.11
     3.000    6261.0   0.148E+01     32.21     35.41
     3.300    6261.0   0.149E+01     32.29     35.70
     3.600    6261.0   0.135E+01     32.38     35.99
     3.900    6261.0   0.121E+01     32.47     36.28
     4.200    6261.0   0.114E+01     32.56     36.57
     4.500    6261.0   0.913E+00     32.64     36.86
     4.800    6261.0   0.798E+00     32.73     37.15
     5.100    6261.0   0.667E+00     32.82     37.45
     5.400    6261.0   0.487E+00     32.91     37.74
     5.700    6261.0   0.221E+00     33.01     38.03
     6.000    6261.0   0.879E-01     33.10     38.32
     6.300    6261.0   0.150E+00     33.19     38.61
     6.600    6261.0   0.400E+00     33.28     38.90
     6.900    6261.0   0.759E+00     33.38     39.19
     7.200    6261.0   0.100E+01     33.47     39.48
     7.500    6261.0   0.887E+00     33.57     39.77
     7.800    6261.0   0.471E+00     33.67     40.06
     8.100    6261.0  -0.221E+00     33.76     40.36
     8.400    6261.0  -0.833E+00     33.86     40.65
     8.700    6261.0  -0.113E+01     33.96     40.94
     9.000    6261.0  -0.138E+01     34.06     41.23
     9.300    6261.0  -0.148E+01     34.16     41.52
     9.600    6261.0  -0.101E+01     34.27     41.81
     9.900    6261.0  -0.600E+00     34.37     42.10
    10.200    6261.0  -0.275E+00     34.47     42.39
    10.500    6261.0   0.168E+00     34.58     42.68
    10.800    6261.0   0.359E+00     34.68     42.97
    11.100    6261.0   0.470E+00     34.79     43.26
    11.400    6261.0   0.739E+00     34.90     43.55
    -0.000    6291.0   0.212E+01     31.38     32.48
     0.300    6291.0   0.191E+01     31.46     32.78
     0.600    6291.0   0.178E+01     31.54     33.07
     0.900    6291.0   0.175E+01     31.62     33.36
     1.200    6291.0   0.166E+01     31.70     33.65
     1.500    6291.0   0.198E+01     31.79     33.95
     1.800    6291.0   0.217E+01     31.87     34.24
     2.100    6291.0   0.228E+01     31.95     34.53
     2.400    6291.0   0.238E+01     32.04     34.82
     2.700    6291.0   0.240E+01     32.12     35.11
     3.000    6291.0   0.219E+01     32.21     35.41
     3.300    6291.0   0.201E+01     32.29     35.70
     3.600    6291.0   0.168E+01     32.38     35.99
     3.900    6291.0   0.139E+01     32.47     36.28
     4.200    6291.0   0.118E+01     32.56     36.57
     4.500    6291.0   0.925E+00     32.64     36.86
     4.800    6291.0   0.816E+00     32.73     37.15
     5.100    6291.0   0.825E+00     32.82     37.45
     5.400    6291.0   0.837E+00     32.91     37.74
     5.700    6291.0   0.860E+00     33.01     38.03
     6.000    6291.0   0.118E+01     33.10     38.32
     6.300    6291.0   0.158E+01     33.19     38.61
     6.600    6291.0   0.194E+01     33.28     38.90
     6.900    6291.0   0.240E+01     33.38     39.19
     7.200    6291.0   0.249E+01     33.47     39.48
     7.500    6291.0   0.181E+01     33.57     39.77
     7.800    6291.0   0.684E+00     33.67     40.06
     8.100    6291.0  -0.502E+00     33.76     40.36
     8.400    6291.0  -0.161E+01     33.86     40.65
     8.700    6291.0  -0.224E+01     33.96     40.94
     9.000    6291.0  -0.258E+01     34.06     41.23
     9.300    6291.0  -0.258E+01     34.16     41.52
     9.600    6291.0  -0.179E+01     34.27     41.81
     9.900    6291.0  -0.975E+00     34.37     42.10
    10.200    6291.0  -0.302E+00     34.47     42.39
    10.500    6291.0   0.567E+00     34.58     42.68
    10.800    6291.0   0.109E+01     34.68     42.97
    11.100    6291.0   0.140E+01     34.79     43.26
    11.400    6291.0   0.184E+01     34.90     43.55
    -0.000    6321.0   0.212E+01     31.38     32.48
     0.300    6321.0   0.191E+01     31.46     32.78
     0.600    6321.0   0.178E+01     31.54     33.07
     0.900    6321.0   0.175E+01     31.62     33.36
     1.200    6321.0   0.166E+01     31.70     33.65
     1.500    6321.0   0.198E+01     31.79     33.95
     1.800    6321.0   0.217E+01     31.87     34.24
     2.100    6321.0   0.228E+01     31.95     34.53
     2.400    6321.0   0.238E+01     32.04     34.82
     2.700    6321.0   0.240E+01     32.12     35.11
     3.000    6321.0   0.219E+01     32.21     35.41
     3.300    6321.0   0.201E+01     32.29     35.70
     3.600    6321.0   0.168E+01     32.38     35.99
     3.900    6321.0   0.139E+01     32.47     36.28
     4.200    6321.0   0.118E+01     32.56     36.57
     4.500    6321.0   0.925E+00     32.64     36.86
     4.800    6321.0   0.816E+00     32.73     37.15
     5.100    6321.0   0.825E+00     32.82     37.45
     5.400    6321.0   0.837E+00     32.91     37.74
     5.700    6321.0   0.860E+00     33.01     38.03
     6.000    6321.0   0.118E+01     33.10     38.32
     6.300    6321.0   0.158E+01     33.19     38.61
     6.600    6321.0   0.194E+01     33.28     38.90
     6.900    6321.0   0.240E+01     33.38     39.19
     7.200    6321.0   0.249E+01     33.47     39.48
     7.500    6321.0   0.181E+01     33.57     39.77
     7.800    6321.0   0.684E+00     33.67     40.06
     8.100    6321.0  -0.502E+00     33.76     40.36
     8.400    6321.0  -0.161E+01     33.86     40.65
     8.700    6321.0  -0.224E+01     33.96     40.94
     9.000    6321.0  -0.258E+01     34.06     41.23
     9.300    6321.0  -0.258E+01     34.16     41.52
     9.600    6321.0  -0.179E+01     34.27     41.81
     9.900    6321.0  -0.975E+00     34.37     42.10
    10.200    6321.0  -0.302E+00     34.47     42.39
    10.500    6321.0   0.567E+00     34.58     42.68
    10.800    6321.0   0.109E+01     34.68     42.97
    11.100    6321.0   0.140E+01     34.79     43.26
    11.400    6321.0   0.184E+01     34.90     43.55
    -0.000    6351.0   0.194E+01     31.38     32.48
     0.300    6351.0   0.177E+01     31.46     32.78
     0.600    6351.0   0.171E+01     31.54     33.07
     0.900    6351.0   0.176E+01     31.62     33.36
     1.200    6351.0   0.176E+01     31.70     33.65
     1.500    6351.0   0.215E+01     31.79     33.95
     1.800    6351.0   0.239E+01     31.87     34.24
     2.100    6351.0   0.252E+01     31.95     34.53
     2.400    6351.0   0.263E+01     32.04     34.82
     2.700    6351.0   0.263E+01     32.12     35.11
     3.000    6351.0   0.231E+01     32.21     35.41
     3.300    6351.0   0.203E+01     32.29     35.70
     3.600    6351.0   0.162E+01     32.38     35.99
     3.900    6351.0   0.129E+01     32.47     36.28
     4.200    6351.0   0.105E+01     32.56     36.57
     4.500    6351.0   0.832E+00     32.64     36.86
     4.800    6351.0   0.708E+00     32.73     37.15
     5.100    6351.0   0.781E+00     32.82     37.45
     5.400    6351.0   0.957E+00     32.91     37.74
     5.700    6351.0   0.114E+01     33.01     38.03
     6.000    6351.0   0.157E+01     33.10     38.32
     6.300    6351.0   0.218E+01     33.19     38.61
     6.600    6351.0   0.250E+01     33.28     38.90
     6.900    6351.0   0.285E+01     33.38     39.19
     7.200    6351.0   0.286E+01     33.47     39.48
     7.500    6351.0   0.189E+01     33.57     39.77
     7.800    6351.0   0.554E+00     33.67     40.06
     8.100    6351.0  -0.676E+00     33.76     40.36
     8.400    6351.0  -0.198E+01     33.86     40.65
     8.700    6351.0  -0.261E+01     33.96     40.94
     9.000    6351.0  -0.288E+01     34.06     41.23
     9.300    6351.0  -0.285E+01     34.16     41.52
     9.600    6351.0  -0.204E+01     34.27     41.81
     9.900    6351.0  -0.125E+01     34.37     42.10
    10.200    6351.0  -0.518E+00     34.47     42.39
    10.500    6351.0   0.475E+00     34.58     42.68
    10.800    6351.0   0.107E+01     34.68     42.97
    11.100    6351.0   0.145E+01     34.79     43.26
    11.400    6351.0   0.205E+01     34.90     43.55
