solx.02.dlnVp.invSAo   27.57   30.98   33.87   44.66
    -0.000    5001.0   0.215E+00     27.57     33.69
     0.300    5001.0   0.361E+00     27.65     33.98
     0.600    5001.0   0.365E+00     27.73     34.28
     0.900    5001.0   0.324E+00     27.81     34.57
     1.200    5001.0   0.242E+00     27.89     34.86
     1.500    5001.0   0.113E+00     27.97     35.15
     1.800    5001.0  -0.309E-01     28.06     35.45
     2.100    5001.0  -0.183E+00     28.14     35.74
     2.400    5001.0  -0.199E+00     28.22     36.03
     2.700    5001.0  -0.121E+00     28.31     36.32
     3.000    5001.0   0.308E-01     28.39     36.61
     3.300    5001.0   0.239E+00     28.48     36.91
     3.600    5001.0   0.486E+00     28.57     37.20
     3.900    5001.0   0.665E+00     28.65     37.49
     4.200    5001.0   0.723E+00     28.74     37.78
     4.500    5001.0   0.598E+00     28.83     38.07
     4.800    5001.0   0.386E+00     28.92     38.37
     5.100    5001.0   0.153E+00     29.01     38.66
     5.400    5001.0   0.128E+00     29.10     38.95
     5.700    5001.0   0.169E+00     29.19     39.24
     6.000    5001.0   0.296E+00     29.28     39.53
     6.300    5001.0   0.468E+00     29.38     39.82
     6.600    5001.0   0.551E+00     29.47     40.11
     6.900    5001.0   0.489E+00     29.56     40.41
     7.200    5001.0   0.327E+00     29.66     40.70
     7.500    5001.0   0.756E-01     29.76     40.99
     7.800    5001.0  -0.219E+00     29.85     41.28
     8.100    5001.0  -0.371E+00     29.95     41.57
     8.400    5001.0  -0.437E+00     30.05     41.86
     8.700    5001.0  -0.504E+00     30.15     42.15
     9.000    5001.0  -0.384E+00     30.25     42.44
     9.300    5001.0  -0.183E+00     30.35     42.73
     9.600    5001.0   0.482E-01     30.45     43.02
     9.900    5001.0   0.306E+00     30.56     43.31
    10.200    5001.0   0.578E+00     30.66     43.60
    10.500    5001.0   0.673E+00     30.77     43.89
    10.800    5001.0   0.692E+00     30.87     44.18
    11.100    5001.0   0.675E+00     30.98     44.47
    -0.000    5031.0   0.667E-01     27.57     33.69
     0.300    5031.0   0.225E+00     27.65     33.98
     0.600    5031.0   0.319E+00     27.73     34.28
     0.900    5031.0   0.396E+00     27.81     34.57
     1.200    5031.0   0.430E+00     27.89     34.86
     1.500    5031.0   0.380E+00     27.97     35.15
     1.800    5031.0   0.354E+00     28.06     35.45
     2.100    5031.0   0.317E+00     28.14     35.74
     2.400    5031.0   0.340E+00     28.22     36.03
     2.700    5031.0   0.466E+00     28.31     36.32
     3.000    5031.0   0.599E+00     28.39     36.61
     3.300    5031.0   0.752E+00     28.48     36.91
     3.600    5031.0   0.885E+00     28.57     37.20
     3.900    5031.0   0.946E+00     28.65     37.49
     4.200    5031.0   0.895E+00     28.74     37.78
     4.500    5031.0   0.672E+00     28.83     38.07
     4.800    5031.0   0.398E+00     28.92     38.37
     5.100    5031.0   0.126E+00     29.01     38.66
     5.400    5031.0   0.440E-01     29.10     38.95
     5.700    5031.0   0.396E-01     29.19     39.24
     6.000    5031.0   0.129E+00     29.28     39.53
     6.300    5031.0   0.288E+00     29.38     39.82
     6.600    5031.0   0.374E+00     29.47     40.11
     6.900    5031.0   0.353E+00     29.56     40.41
     7.200    5031.0   0.243E+00     29.66     40.70
     7.500    5031.0   0.296E-02     29.76     40.99
     7.800    5031.0  -0.256E+00     29.85     41.28
     8.100    5031.0  -0.357E+00     29.95     41.57
     8.400    5031.0  -0.397E+00     30.05     41.86
     8.700    5031.0  -0.459E+00     30.15     42.15
     9.000    5031.0  -0.285E+00     30.25     42.44
     9.300    5031.0  -0.638E-01     30.35     42.73
     9.600    5031.0   0.184E+00     30.45     43.02
     9.900    5031.0   0.520E+00     30.56     43.31
    10.200    5031.0   0.853E+00     30.66     43.60
    10.500    5031.0   0.947E+00     30.77     43.89
    10.800    5031.0   0.970E+00     30.87     44.18
    11.100    5031.0   0.100E+01     30.98     44.47
    -0.000    5061.0   0.667E-01     27.57     33.69
     0.300    5061.0   0.225E+00     27.65     33.98
     0.600    5061.0   0.319E+00     27.73     34.28
     0.900    5061.0   0.396E+00     27.81     34.57
     1.200    5061.0   0.430E+00     27.89     34.86
     1.500    5061.0   0.380E+00     27.97     35.15
     1.800    5061.0   0.354E+00     28.06     35.45
     2.100    5061.0   0.317E+00     28.14     35.74
     2.400    5061.0   0.340E+00     28.22     36.03
     2.700    5061.0   0.466E+00     28.31     36.32
     3.000    5061.0   0.599E+00     28.39     36.61
     3.300    5061.0   0.752E+00     28.48     36.91
     3.600    5061.0   0.885E+00     28.57     37.20
     3.900    5061.0   0.946E+00     28.65     37.49
     4.200    5061.0   0.895E+00     28.74     37.78
     4.500    5061.0   0.672E+00     28.83     38.07
     4.800    5061.0   0.398E+00     28.92     38.37
     5.100    5061.0   0.126E+00     29.01     38.66
     5.400    5061.0   0.440E-01     29.10     38.95
     5.700    5061.0   0.396E-01     29.19     39.24
     6.000    5061.0   0.129E+00     29.28     39.53
     6.300    5061.0   0.288E+00     29.38     39.82
     6.600    5061.0   0.374E+00     29.47     40.11
     6.900    5061.0   0.353E+00     29.56     40.41
     7.200    5061.0   0.243E+00     29.66     40.70
     7.500    5061.0   0.296E-02     29.76     40.99
     7.800    5061.0  -0.256E+00     29.85     41.28
     8.100    5061.0  -0.357E+00     29.95     41.57
     8.400    5061.0  -0.397E+00     30.05     41.86
     8.700    5061.0  -0.459E+00     30.15     42.15
     9.000    5061.0  -0.285E+00     30.25     42.44
     9.300    5061.0  -0.638E-01     30.35     42.73
     9.600    5061.0   0.184E+00     30.45     43.02
     9.900    5061.0   0.520E+00     30.56     43.31
    10.200    5061.0   0.853E+00     30.66     43.60
    10.500    5061.0   0.947E+00     30.77     43.89
    10.800    5061.0   0.970E+00     30.87     44.18
    11.100    5061.0   0.100E+01     30.98     44.47
    -0.000    5091.0   0.667E-01     27.57     33.69
     0.300    5091.0   0.225E+00     27.65     33.98
     0.600    5091.0   0.319E+00     27.73     34.28
     0.900    5091.0   0.396E+00     27.81     34.57
     1.200    5091.0   0.430E+00     27.89     34.86
     1.500    5091.0   0.380E+00     27.97     35.15
     1.800    5091.0   0.354E+00     28.06     35.45
     2.100    5091.0   0.317E+00     28.14     35.74
     2.400    5091.0   0.340E+00     28.22     36.03
     2.700    5091.0   0.466E+00     28.31     36.32
     3.000    5091.0   0.599E+00     28.39     36.61
     3.300    5091.0   0.752E+00     28.48     36.91
     3.600    5091.0   0.885E+00     28.57     37.20
     3.900    5091.0   0.946E+00     28.65     37.49
     4.200    5091.0   0.895E+00     28.74     37.78
     4.500    5091.0   0.672E+00     28.83     38.07
     4.800    5091.0   0.398E+00     28.92     38.37
     5.100    5091.0   0.126E+00     29.01     38.66
     5.400    5091.0   0.440E-01     29.10     38.95
     5.700    5091.0   0.396E-01     29.19     39.24
     6.000    5091.0   0.129E+00     29.28     39.53
     6.300    5091.0   0.288E+00     29.38     39.82
     6.600    5091.0   0.374E+00     29.47     40.11
     6.900    5091.0   0.353E+00     29.56     40.41
     7.200    5091.0   0.243E+00     29.66     40.70
     7.500    5091.0   0.296E-02     29.76     40.99
     7.800    5091.0  -0.256E+00     29.85     41.28
     8.100    5091.0  -0.357E+00     29.95     41.57
     8.400    5091.0  -0.397E+00     30.05     41.86
     8.700    5091.0  -0.459E+00     30.15     42.15
     9.000    5091.0  -0.285E+00     30.25     42.44
     9.300    5091.0  -0.638E-01     30.35     42.73
     9.600    5091.0   0.184E+00     30.45     43.02
     9.900    5091.0   0.520E+00     30.56     43.31
    10.200    5091.0   0.853E+00     30.66     43.60
    10.500    5091.0   0.947E+00     30.77     43.89
    10.800    5091.0   0.970E+00     30.87     44.18
    11.100    5091.0   0.100E+01     30.98     44.47
    -0.000    5121.0  -0.708E-01     27.57     33.69
     0.300    5121.0  -0.526E-01     27.65     33.98
     0.600    5121.0   0.841E-02     27.73     34.28
     0.900    5121.0   0.103E+00     27.81     34.57
     1.200    5121.0   0.158E+00     27.89     34.86
     1.500    5121.0   0.201E+00     27.97     35.15
     1.800    5121.0   0.269E+00     28.06     35.45
     2.100    5121.0   0.316E+00     28.14     35.74
     2.400    5121.0   0.378E+00     28.22     36.03
     2.700    5121.0   0.517E+00     28.31     36.32
     3.000    5121.0   0.620E+00     28.39     36.61
     3.300    5121.0   0.709E+00     28.48     36.91
     3.600    5121.0   0.732E+00     28.57     37.20
     3.900    5121.0   0.724E+00     28.65     37.49
     4.200    5121.0   0.646E+00     28.74     37.78
     4.500    5121.0   0.388E+00     28.83     38.07
     4.800    5121.0   0.116E+00     28.92     38.37
     5.100    5121.0  -0.129E+00     29.01     38.66
     5.400    5121.0  -0.181E+00     29.10     38.95
     5.700    5121.0  -0.149E+00     29.19     39.24
     6.000    5121.0  -0.610E-01     29.28     39.53
     6.300    5121.0   0.125E+00     29.38     39.82
     6.600    5121.0   0.263E+00     29.47     40.11
     6.900    5121.0   0.282E+00     29.56     40.41
     7.200    5121.0   0.223E+00     29.66     40.70
     7.500    5121.0   0.348E-01     29.76     40.99
     7.800    5121.0  -0.194E+00     29.85     41.28
     8.100    5121.0  -0.334E+00     29.95     41.57
     8.400    5121.0  -0.422E+00     30.05     41.86
     8.700    5121.0  -0.503E+00     30.15     42.15
     9.000    5121.0  -0.420E+00     30.25     42.44
     9.300    5121.0  -0.239E+00     30.35     42.73
     9.600    5121.0  -0.318E-02     30.45     43.02
     9.900    5121.0   0.296E+00     30.56     43.31
    10.200    5121.0   0.668E+00     30.66     43.60
    10.500    5121.0   0.880E+00     30.77     43.89
    10.800    5121.0   0.907E+00     30.87     44.18
    11.100    5121.0   0.968E+00     30.98     44.47
    -0.000    5151.0  -0.708E-01     27.57     33.69
     0.300    5151.0  -0.526E-01     27.65     33.98
     0.600    5151.0   0.841E-02     27.73     34.28
     0.900    5151.0   0.103E+00     27.81     34.57
     1.200    5151.0   0.158E+00     27.89     34.86
     1.500    5151.0   0.201E+00     27.97     35.15
     1.800    5151.0   0.269E+00     28.06     35.45
     2.100    5151.0   0.316E+00     28.14     35.74
     2.400    5151.0   0.378E+00     28.22     36.03
     2.700    5151.0   0.517E+00     28.31     36.32
     3.000    5151.0   0.620E+00     28.39     36.61
     3.300    5151.0   0.709E+00     28.48     36.91
     3.600    5151.0   0.732E+00     28.57     37.20
     3.900    5151.0   0.724E+00     28.65     37.49
     4.200    5151.0   0.646E+00     28.74     37.78
     4.500    5151.0   0.388E+00     28.83     38.07
     4.800    5151.0   0.116E+00     28.92     38.37
     5.100    5151.0  -0.129E+00     29.01     38.66
     5.400    5151.0  -0.181E+00     29.10     38.95
     5.700    5151.0  -0.149E+00     29.19     39.24
     6.000    5151.0  -0.610E-01     29.28     39.53
     6.300    5151.0   0.125E+00     29.38     39.82
     6.600    5151.0   0.263E+00     29.47     40.11
     6.900    5151.0   0.282E+00     29.56     40.41
     7.200    5151.0   0.223E+00     29.66     40.70
     7.500    5151.0   0.348E-01     29.76     40.99
     7.800    5151.0  -0.194E+00     29.85     41.28
     8.100    5151.0  -0.334E+00     29.95     41.57
     8.400    5151.0  -0.422E+00     30.05     41.86
     8.700    5151.0  -0.503E+00     30.15     42.15
     9.000    5151.0  -0.420E+00     30.25     42.44
     9.300    5151.0  -0.239E+00     30.35     42.73
     9.600    5151.0  -0.318E-02     30.45     43.02
     9.900    5151.0   0.296E+00     30.56     43.31
    10.200    5151.0   0.668E+00     30.66     43.60
    10.500    5151.0   0.880E+00     30.77     43.89
    10.800    5151.0   0.907E+00     30.87     44.18
    11.100    5151.0   0.968E+00     30.98     44.47
    -0.000    5181.0  -0.708E-01     27.57     33.69
     0.300    5181.0  -0.526E-01     27.65     33.98
     0.600    5181.0   0.841E-02     27.73     34.28
     0.900    5181.0   0.103E+00     27.81     34.57
     1.200    5181.0   0.158E+00     27.89     34.86
     1.500    5181.0   0.201E+00     27.97     35.15
     1.800    5181.0   0.269E+00     28.06     35.45
     2.100    5181.0   0.316E+00     28.14     35.74
     2.400    5181.0   0.378E+00     28.22     36.03
     2.700    5181.0   0.517E+00     28.31     36.32
     3.000    5181.0   0.620E+00     28.39     36.61
     3.300    5181.0   0.709E+00     28.48     36.91
     3.600    5181.0   0.732E+00     28.57     37.20
     3.900    5181.0   0.724E+00     28.65     37.49
     4.200    5181.0   0.646E+00     28.74     37.78
     4.500    5181.0   0.388E+00     28.83     38.07
     4.800    5181.0   0.116E+00     28.92     38.37
     5.100    5181.0  -0.129E+00     29.01     38.66
     5.400    5181.0  -0.181E+00     29.10     38.95
     5.700    5181.0  -0.149E+00     29.19     39.24
     6.000    5181.0  -0.610E-01     29.28     39.53
     6.300    5181.0   0.125E+00     29.38     39.82
     6.600    5181.0   0.263E+00     29.47     40.11
     6.900    5181.0   0.282E+00     29.56     40.41
     7.200    5181.0   0.223E+00     29.66     40.70
     7.500    5181.0   0.348E-01     29.76     40.99
     7.800    5181.0  -0.194E+00     29.85     41.28
     8.100    5181.0  -0.334E+00     29.95     41.57
     8.400    5181.0  -0.422E+00     30.05     41.86
     8.700    5181.0  -0.503E+00     30.15     42.15
     9.000    5181.0  -0.420E+00     30.25     42.44
     9.300    5181.0  -0.239E+00     30.35     42.73
     9.600    5181.0  -0.318E-02     30.45     43.02
     9.900    5181.0   0.296E+00     30.56     43.31
    10.200    5181.0   0.668E+00     30.66     43.60
    10.500    5181.0   0.880E+00     30.77     43.89
    10.800    5181.0   0.907E+00     30.87     44.18
    11.100    5181.0   0.968E+00     30.98     44.47
    -0.000    5211.0  -0.102E+00     27.57     33.69
     0.300    5211.0  -0.180E+00     27.65     33.98
     0.600    5211.0  -0.147E+00     27.73     34.28
     0.900    5211.0  -0.494E-01     27.81     34.57
     1.200    5211.0   0.299E-01     27.89     34.86
     1.500    5211.0   0.178E+00     27.97     35.15
     1.800    5211.0   0.358E+00     28.06     35.45
     2.100    5211.0   0.498E+00     28.14     35.74
     2.400    5211.0   0.523E+00     28.22     36.03
     2.700    5211.0   0.583E+00     28.31     36.32
     3.000    5211.0   0.633E+00     28.39     36.61
     3.300    5211.0   0.660E+00     28.48     36.91
     3.600    5211.0   0.602E+00     28.57     37.20
     3.900    5211.0   0.502E+00     28.65     37.49
     4.200    5211.0   0.350E+00     28.74     37.78
     4.500    5211.0   0.987E-01     28.83     38.07
     4.800    5211.0  -0.967E-01     28.92     38.37
     5.100    5211.0  -0.229E+00     29.01     38.66
     5.400    5211.0  -0.231E+00     29.10     38.95
     5.700    5211.0  -0.126E+00     29.19     39.24
     6.000    5211.0   0.485E-01     29.28     39.53
     6.300    5211.0   0.277E+00     29.38     39.82
     6.600    5211.0   0.473E+00     29.47     40.11
     6.900    5211.0   0.632E+00     29.56     40.41
     7.200    5211.0   0.693E+00     29.66     40.70
     7.500    5211.0   0.543E+00     29.76     40.99
     7.800    5211.0   0.375E+00     29.85     41.28
     8.100    5211.0   0.227E+00     29.95     41.57
     8.400    5211.0   0.777E-01     30.05     41.86
     8.700    5211.0  -0.349E-01     30.15     42.15
     9.000    5211.0  -0.166E+00     30.25     42.44
     9.300    5211.0  -0.197E+00     30.35     42.73
     9.600    5211.0  -0.880E-01     30.45     43.02
     9.900    5211.0   0.159E+00     30.56     43.31
    10.200    5211.0   0.419E+00     30.66     43.60
    10.500    5211.0   0.595E+00     30.77     43.89
    10.800    5211.0   0.603E+00     30.87     44.18
    11.100    5211.0   0.665E+00     30.98     44.47
    -0.000    5241.0  -0.102E+00     27.57     33.69
     0.300    5241.0  -0.180E+00     27.65     33.98
     0.600    5241.0  -0.147E+00     27.73     34.28
     0.900    5241.0  -0.494E-01     27.81     34.57
     1.200    5241.0   0.299E-01     27.89     34.86
     1.500    5241.0   0.178E+00     27.97     35.15
     1.800    5241.0   0.358E+00     28.06     35.45
     2.100    5241.0   0.498E+00     28.14     35.74
     2.400    5241.0   0.523E+00     28.22     36.03
     2.700    5241.0   0.583E+00     28.31     36.32
     3.000    5241.0   0.633E+00     28.39     36.61
     3.300    5241.0   0.660E+00     28.48     36.91
     3.600    5241.0   0.602E+00     28.57     37.20
     3.900    5241.0   0.502E+00     28.65     37.49
     4.200    5241.0   0.350E+00     28.74     37.78
     4.500    5241.0   0.988E-01     28.83     38.07
     4.800    5241.0  -0.967E-01     28.92     38.37
     5.100    5241.0  -0.229E+00     29.01     38.66
     5.400    5241.0  -0.231E+00     29.10     38.95
     5.700    5241.0  -0.126E+00     29.19     39.24
     6.000    5241.0   0.485E-01     29.28     39.53
     6.300    5241.0   0.277E+00     29.38     39.82
     6.600    5241.0   0.473E+00     29.47     40.11
     6.900    5241.0   0.632E+00     29.56     40.41
     7.200    5241.0   0.693E+00     29.66     40.70
     7.500    5241.0   0.543E+00     29.76     40.99
     7.800    5241.0   0.375E+00     29.85     41.28
     8.100    5241.0   0.227E+00     29.95     41.57
     8.400    5241.0   0.777E-01     30.05     41.86
     8.700    5241.0  -0.349E-01     30.15     42.15
     9.000    5241.0  -0.166E+00     30.25     42.44
     9.300    5241.0  -0.197E+00     30.35     42.73
     9.600    5241.0  -0.880E-01     30.45     43.02
     9.900    5241.0   0.159E+00     30.56     43.31
    10.200    5241.0   0.419E+00     30.66     43.60
    10.500    5241.0   0.595E+00     30.77     43.89
    10.800    5241.0   0.603E+00     30.87     44.18
    11.100    5241.0   0.665E+00     30.98     44.47
    -0.000    5271.0  -0.102E+00     27.57     33.69
     0.300    5271.0  -0.180E+00     27.65     33.98
     0.600    5271.0  -0.147E+00     27.73     34.28
     0.900    5271.0  -0.494E-01     27.81     34.57
     1.200    5271.0   0.299E-01     27.89     34.86
     1.500    5271.0   0.178E+00     27.97     35.15
     1.800    5271.0   0.358E+00     28.06     35.45
     2.100    5271.0   0.498E+00     28.14     35.74
     2.400    5271.0   0.523E+00     28.22     36.03
     2.700    5271.0   0.583E+00     28.31     36.32
     3.000    5271.0   0.633E+00     28.39     36.61
     3.300    5271.0   0.660E+00     28.48     36.91
     3.600    5271.0   0.602E+00     28.57     37.20
     3.900    5271.0   0.502E+00     28.65     37.49
     4.200    5271.0   0.350E+00     28.74     37.78
     4.500    5271.0   0.988E-01     28.83     38.07
     4.800    5271.0  -0.967E-01     28.92     38.37
     5.100    5271.0  -0.229E+00     29.01     38.66
     5.400    5271.0  -0.231E+00     29.10     38.95
     5.700    5271.0  -0.126E+00     29.19     39.24
     6.000    5271.0   0.485E-01     29.28     39.53
     6.300    5271.0   0.277E+00     29.38     39.82
     6.600    5271.0   0.473E+00     29.47     40.11
     6.900    5271.0   0.632E+00     29.56     40.41
     7.200    5271.0   0.693E+00     29.66     40.70
     7.500    5271.0   0.543E+00     29.76     40.99
     7.800    5271.0   0.375E+00     29.85     41.28
     8.100    5271.0   0.227E+00     29.95     41.57
     8.400    5271.0   0.777E-01     30.05     41.86
     8.700    5271.0  -0.349E-01     30.15     42.15
     9.000    5271.0  -0.166E+00     30.25     42.44
     9.300    5271.0  -0.197E+00     30.35     42.73
     9.600    5271.0  -0.880E-01     30.45     43.02
     9.900    5271.0   0.159E+00     30.56     43.31
    10.200    5271.0   0.419E+00     30.66     43.60
    10.500    5271.0   0.595E+00     30.77     43.89
    10.800    5271.0   0.603E+00     30.87     44.18
    11.100    5271.0   0.665E+00     30.98     44.47
    -0.000    5301.0   0.187E+00     27.57     33.69
     0.300    5301.0   0.923E-01     27.65     33.98
     0.600    5301.0   0.175E+00     27.73     34.28
     0.900    5301.0   0.316E+00     27.81     34.57
     1.200    5301.0   0.435E+00     27.89     34.86
     1.500    5301.0   0.651E+00     27.97     35.15
     1.800    5301.0   0.840E+00     28.06     35.45
     2.100    5301.0   0.938E+00     28.14     35.74
     2.400    5301.0   0.902E+00     28.22     36.03
     2.700    5301.0   0.858E+00     28.31     36.32
     3.000    5301.0   0.838E+00     28.39     36.61
     3.300    5301.0   0.812E+00     28.48     36.91
     3.600    5301.0   0.715E+00     28.57     37.20
     3.900    5301.0   0.576E+00     28.65     37.49
     4.200    5301.0   0.400E+00     28.74     37.78
     4.500    5301.0   0.222E+00     28.83     38.07
     4.800    5301.0   0.113E+00     28.92     38.37
     5.100    5301.0   0.110E+00     29.01     38.66
     5.400    5301.0   0.320E+00     29.10     38.95
     5.700    5301.0   0.586E+00     29.19     39.24
     6.000    5301.0   0.829E+00     29.28     39.53
     6.300    5301.0   0.107E+01     29.38     39.82
     6.600    5301.0   0.128E+01     29.47     40.11
     6.900    5301.0   0.140E+01     29.56     40.41
     7.200    5301.0   0.147E+01     29.66     40.70
     7.500    5301.0   0.139E+01     29.76     40.99
     7.800    5301.0   0.126E+01     29.85     41.28
     8.100    5301.0   0.111E+01     29.95     41.57
     8.400    5301.0   0.922E+00     30.05     41.86
     8.700    5301.0   0.732E+00     30.15     42.15
     9.000    5301.0   0.579E+00     30.25     42.44
     9.300    5301.0   0.462E+00     30.35     42.73
     9.600    5301.0   0.418E+00     30.45     43.02
     9.900    5301.0   0.481E+00     30.56     43.31
    10.200    5301.0   0.570E+00     30.66     43.60
    10.500    5301.0   0.609E+00     30.77     43.89
    10.800    5301.0   0.486E+00     30.87     44.18
    11.100    5301.0   0.450E+00     30.98     44.47
    -0.000    5331.0   0.187E+00     27.57     33.69
     0.300    5331.0   0.923E-01     27.65     33.98
     0.600    5331.0   0.175E+00     27.73     34.28
     0.900    5331.0   0.316E+00     27.81     34.57
     1.200    5331.0   0.435E+00     27.89     34.86
     1.500    5331.0   0.651E+00     27.97     35.15
     1.800    5331.0   0.840E+00     28.06     35.45
     2.100    5331.0   0.938E+00     28.14     35.74
     2.400    5331.0   0.902E+00     28.22     36.03
     2.700    5331.0   0.858E+00     28.31     36.32
     3.000    5331.0   0.838E+00     28.39     36.61
     3.300    5331.0   0.812E+00     28.48     36.91
     3.600    5331.0   0.715E+00     28.57     37.20
     3.900    5331.0   0.576E+00     28.65     37.49
     4.200    5331.0   0.400E+00     28.74     37.78
     4.500    5331.0   0.222E+00     28.83     38.07
     4.800    5331.0   0.113E+00     28.92     38.37
     5.100    5331.0   0.110E+00     29.01     38.66
     5.400    5331.0   0.320E+00     29.10     38.95
     5.700    5331.0   0.586E+00     29.19     39.24
     6.000    5331.0   0.829E+00     29.28     39.53
     6.300    5331.0   0.107E+01     29.38     39.82
     6.600    5331.0   0.128E+01     29.47     40.11
     6.900    5331.0   0.140E+01     29.56     40.41
     7.200    5331.0   0.147E+01     29.66     40.70
     7.500    5331.0   0.139E+01     29.76     40.99
     7.800    5331.0   0.126E+01     29.85     41.28
     8.100    5331.0   0.111E+01     29.95     41.57
     8.400    5331.0   0.922E+00     30.05     41.86
     8.700    5331.0   0.732E+00     30.15     42.15
     9.000    5331.0   0.579E+00     30.25     42.44
     9.300    5331.0   0.462E+00     30.35     42.73
     9.600    5331.0   0.418E+00     30.45     43.02
     9.900    5331.0   0.481E+00     30.56     43.31
    10.200    5331.0   0.570E+00     30.66     43.60
    10.500    5331.0   0.609E+00     30.77     43.89
    10.800    5331.0   0.486E+00     30.87     44.18
    11.100    5331.0   0.450E+00     30.98     44.47
    -0.000    5361.0   0.187E+00     27.57     33.69
     0.300    5361.0   0.923E-01     27.65     33.98
     0.600    5361.0   0.175E+00     27.73     34.28
     0.900    5361.0   0.316E+00     27.81     34.57
     1.200    5361.0   0.435E+00     27.89     34.86
     1.500    5361.0   0.651E+00     27.97     35.15
     1.800    5361.0   0.840E+00     28.06     35.45
     2.100    5361.0   0.938E+00     28.14     35.74
     2.400    5361.0   0.902E+00     28.22     36.03
     2.700    5361.0   0.858E+00     28.31     36.32
     3.000    5361.0   0.838E+00     28.39     36.61
     3.300    5361.0   0.812E+00     28.48     36.91
     3.600    5361.0   0.715E+00     28.57     37.20
     3.900    5361.0   0.576E+00     28.65     37.49
     4.200    5361.0   0.400E+00     28.74     37.78
     4.500    5361.0   0.222E+00     28.83     38.07
     4.800    5361.0   0.113E+00     28.92     38.37
     5.100    5361.0   0.110E+00     29.01     38.66
     5.400    5361.0   0.320E+00     29.10     38.95
     5.700    5361.0   0.586E+00     29.19     39.24
     6.000    5361.0   0.829E+00     29.28     39.53
     6.300    5361.0   0.107E+01     29.38     39.82
     6.600    5361.0   0.128E+01     29.47     40.11
     6.900    5361.0   0.140E+01     29.56     40.41
     7.200    5361.0   0.147E+01     29.66     40.70
     7.500    5361.0   0.139E+01     29.76     40.99
     7.800    5361.0   0.126E+01     29.85     41.28
     8.100    5361.0   0.111E+01     29.95     41.57
     8.400    5361.0   0.922E+00     30.05     41.86
     8.700    5361.0   0.732E+00     30.15     42.15
     9.000    5361.0   0.579E+00     30.25     42.44
     9.300    5361.0   0.462E+00     30.35     42.73
     9.600    5361.0   0.418E+00     30.45     43.02
     9.900    5361.0   0.481E+00     30.56     43.31
    10.200    5361.0   0.570E+00     30.66     43.60
    10.500    5361.0   0.609E+00     30.77     43.89
    10.800    5361.0   0.486E+00     30.87     44.18
    11.100    5361.0   0.450E+00     30.98     44.47
    -0.000    5391.0   0.372E+00     27.57     33.69
     0.300    5391.0   0.249E+00     27.65     33.98
     0.600    5391.0   0.321E+00     27.73     34.28
     0.900    5391.0   0.478E+00     27.81     34.57
     1.200    5391.0   0.655E+00     27.89     34.86
     1.500    5391.0   0.809E+00     27.97     35.15
     1.800    5391.0   0.951E+00     28.06     35.45
     2.100    5391.0   0.102E+01     28.14     35.74
     2.400    5391.0   0.927E+00     28.22     36.03
     2.700    5391.0   0.814E+00     28.31     36.32
     3.000    5391.0   0.759E+00     28.39     36.61
     3.300    5391.0   0.715E+00     28.48     36.91
     3.600    5391.0   0.612E+00     28.57     37.20
     3.900    5391.0   0.458E+00     28.65     37.49
     4.200    5391.0   0.268E+00     28.74     37.78
     4.500    5391.0   0.186E+00     28.83     38.07
     4.800    5391.0   0.237E+00     28.92     38.37
     5.100    5391.0   0.430E+00     29.01     38.66
     5.400    5391.0   0.761E+00     29.10     38.95
     5.700    5391.0   0.114E+01     29.19     39.24
     6.000    5391.0   0.138E+01     29.28     39.53
     6.300    5391.0   0.155E+01     29.38     39.82
     6.600    5391.0   0.169E+01     29.47     40.11
     6.900    5391.0   0.175E+01     29.56     40.41
     7.200    5391.0   0.176E+01     29.66     40.70
     7.500    5391.0   0.160E+01     29.76     40.99
     7.800    5391.0   0.146E+01     29.85     41.28
     8.100    5391.0   0.130E+01     29.95     41.57
     8.400    5391.0   0.120E+01     30.05     41.86
     8.700    5391.0   0.119E+01     30.15     42.15
     9.000    5391.0   0.106E+01     30.25     42.44
     9.300    5391.0   0.101E+01     30.35     42.73
     9.600    5391.0   0.101E+01     30.45     43.02
     9.900    5391.0   0.960E+00     30.56     43.31
    10.200    5391.0   0.934E+00     30.66     43.60
    10.500    5391.0   0.865E+00     30.77     43.89
    10.800    5391.0   0.676E+00     30.87     44.18
    11.100    5391.0   0.584E+00     30.98     44.47
    -0.000    5421.0   0.372E+00     27.57     33.69
     0.300    5421.0   0.249E+00     27.65     33.98
     0.600    5421.0   0.321E+00     27.73     34.28
     0.900    5421.0   0.478E+00     27.81     34.57
     1.200    5421.0   0.655E+00     27.89     34.86
     1.500    5421.0   0.809E+00     27.97     35.15
     1.800    5421.0   0.951E+00     28.06     35.45
     2.100    5421.0   0.102E+01     28.14     35.74
     2.400    5421.0   0.927E+00     28.22     36.03
     2.700    5421.0   0.814E+00     28.31     36.32
     3.000    5421.0   0.759E+00     28.39     36.61
     3.300    5421.0   0.715E+00     28.48     36.91
     3.600    5421.0   0.612E+00     28.57     37.20
     3.900    5421.0   0.458E+00     28.65     37.49
     4.200    5421.0   0.268E+00     28.74     37.78
     4.500    5421.0   0.186E+00     28.83     38.07
     4.800    5421.0   0.237E+00     28.92     38.37
     5.100    5421.0   0.430E+00     29.01     38.66
     5.400    5421.0   0.761E+00     29.10     38.95
     5.700    5421.0   0.114E+01     29.19     39.24
     6.000    5421.0   0.138E+01     29.28     39.53
     6.300    5421.0   0.155E+01     29.38     39.82
     6.600    5421.0   0.169E+01     29.47     40.11
     6.900    5421.0   0.175E+01     29.56     40.41
     7.200    5421.0   0.176E+01     29.66     40.70
     7.500    5421.0   0.160E+01     29.76     40.99
     7.800    5421.0   0.146E+01     29.85     41.28
     8.100    5421.0   0.130E+01     29.95     41.57
     8.400    5421.0   0.120E+01     30.05     41.86
     8.700    5421.0   0.119E+01     30.15     42.15
     9.000    5421.0   0.106E+01     30.25     42.44
     9.300    5421.0   0.101E+01     30.35     42.73
     9.600    5421.0   0.101E+01     30.45     43.02
     9.900    5421.0   0.960E+00     30.56     43.31
    10.200    5421.0   0.934E+00     30.66     43.60
    10.500    5421.0   0.865E+00     30.77     43.89
    10.800    5421.0   0.676E+00     30.87     44.18
    11.100    5421.0   0.584E+00     30.98     44.47
    -0.000    5451.0   0.372E+00     27.57     33.69
     0.300    5451.0   0.249E+00     27.65     33.98
     0.600    5451.0   0.321E+00     27.73     34.28
     0.900    5451.0   0.478E+00     27.81     34.57
     1.200    5451.0   0.655E+00     27.89     34.86
     1.500    5451.0   0.809E+00     27.97     35.15
     1.800    5451.0   0.951E+00     28.06     35.45
     2.100    5451.0   0.102E+01     28.14     35.74
     2.400    5451.0   0.927E+00     28.22     36.03
     2.700    5451.0   0.814E+00     28.31     36.32
     3.000    5451.0   0.759E+00     28.39     36.61
     3.300    5451.0   0.715E+00     28.48     36.91
     3.600    5451.0   0.612E+00     28.57     37.20
     3.900    5451.0   0.458E+00     28.65     37.49
     4.200    5451.0   0.268E+00     28.74     37.78
     4.500    5451.0   0.186E+00     28.83     38.07
     4.800    5451.0   0.237E+00     28.92     38.37
     5.100    5451.0   0.430E+00     29.01     38.66
     5.400    5451.0   0.761E+00     29.10     38.95
     5.700    5451.0   0.114E+01     29.19     39.24
     6.000    5451.0   0.138E+01     29.28     39.53
     6.300    5451.0   0.155E+01     29.38     39.82
     6.600    5451.0   0.169E+01     29.47     40.11
     6.900    5451.0   0.175E+01     29.56     40.41
     7.200    5451.0   0.176E+01     29.66     40.70
     7.500    5451.0   0.160E+01     29.76     40.99
     7.800    5451.0   0.146E+01     29.85     41.28
     8.100    5451.0   0.130E+01     29.95     41.57
     8.400    5451.0   0.120E+01     30.05     41.86
     8.700    5451.0   0.119E+01     30.15     42.15
     9.000    5451.0   0.106E+01     30.25     42.44
     9.300    5451.0   0.101E+01     30.35     42.73
     9.600    5451.0   0.101E+01     30.45     43.02
     9.900    5451.0   0.960E+00     30.56     43.31
    10.200    5451.0   0.934E+00     30.66     43.60
    10.500    5451.0   0.865E+00     30.77     43.89
    10.800    5451.0   0.676E+00     30.87     44.18
    11.100    5451.0   0.584E+00     30.98     44.47
    -0.000    5481.0  -0.121E+00     27.57     33.69
     0.300    5481.0  -0.322E+00     27.65     33.98
     0.600    5481.0  -0.316E+00     27.73     34.28
     0.900    5481.0  -0.228E+00     27.81     34.57
     1.200    5481.0  -0.111E+00     27.89     34.86
     1.500    5481.0   0.155E+00     27.97     35.15
     1.800    5481.0   0.387E+00     28.06     35.45
     2.100    5481.0   0.547E+00     28.14     35.74
     2.400    5481.0   0.559E+00     28.22     36.03
     2.700    5481.0   0.517E+00     28.31     36.32
     3.000    5481.0   0.487E+00     28.39     36.61
     3.300    5481.0   0.446E+00     28.48     36.91
     3.600    5481.0   0.377E+00     28.57     37.20
     3.900    5481.0   0.248E+00     28.65     37.49
     4.200    5481.0   0.837E-01     28.74     37.78
     4.500    5481.0   0.161E+00     28.83     38.07
     4.800    5481.0   0.310E+00     28.92     38.37
     5.100    5481.0   0.533E+00     29.01     38.66
     5.400    5481.0   0.894E+00     29.10     38.95
     5.700    5481.0   0.122E+01     29.19     39.24
     6.000    5481.0   0.131E+01     29.28     39.53
     6.300    5481.0   0.135E+01     29.38     39.82
     6.600    5481.0   0.135E+01     29.47     40.11
     6.900    5481.0   0.131E+01     29.56     40.41
     7.200    5481.0   0.126E+01     29.66     40.70
     7.500    5481.0   0.112E+01     29.76     40.99
     7.800    5481.0   0.103E+01     29.85     41.28
     8.100    5481.0   0.843E+00     29.95     41.57
     8.400    5481.0   0.726E+00     30.05     41.86
     8.700    5481.0   0.750E+00     30.15     42.15
     9.000    5481.0   0.773E+00     30.25     42.44
     9.300    5481.0   0.845E+00     30.35     42.73
     9.600    5481.0   0.932E+00     30.45     43.02
     9.900    5481.0   0.103E+01     30.56     43.31
    10.200    5481.0   0.108E+01     30.66     43.60
    10.500    5481.0   0.896E+00     30.77     43.89
    10.800    5481.0   0.679E+00     30.87     44.18
    11.100    5481.0   0.609E+00     30.98     44.47
    -0.000    5511.0  -0.121E+00     27.57     33.69
     0.300    5511.0  -0.322E+00     27.65     33.98
     0.600    5511.0  -0.316E+00     27.73     34.28
     0.900    5511.0  -0.228E+00     27.81     34.57
     1.200    5511.0  -0.111E+00     27.89     34.86
     1.500    5511.0   0.155E+00     27.97     35.15
     1.800    5511.0   0.387E+00     28.06     35.45
     2.100    5511.0   0.547E+00     28.14     35.74
     2.400    5511.0   0.559E+00     28.22     36.03
     2.700    5511.0   0.517E+00     28.31     36.32
     3.000    5511.0   0.487E+00     28.39     36.61
     3.300    5511.0   0.446E+00     28.48     36.91
     3.600    5511.0   0.377E+00     28.57     37.20
     3.900    5511.0   0.248E+00     28.65     37.49
     4.200    5511.0   0.837E-01     28.74     37.78
     4.500    5511.0   0.161E+00     28.83     38.07
     4.800    5511.0   0.310E+00     28.92     38.37
     5.100    5511.0   0.533E+00     29.01     38.66
     5.400    5511.0   0.894E+00     29.10     38.95
     5.700    5511.0   0.122E+01     29.19     39.24
     6.000    5511.0   0.131E+01     29.28     39.53
     6.300    5511.0   0.135E+01     29.38     39.82
     6.600    5511.0   0.135E+01     29.47     40.11
     6.900    5511.0   0.131E+01     29.56     40.41
     7.200    5511.0   0.126E+01     29.66     40.70
     7.500    5511.0   0.112E+01     29.76     40.99
     7.800    5511.0   0.103E+01     29.85     41.28
     8.100    5511.0   0.843E+00     29.95     41.57
     8.400    5511.0   0.726E+00     30.05     41.86
     8.700    5511.0   0.750E+00     30.15     42.15
     9.000    5511.0   0.773E+00     30.25     42.44
     9.300    5511.0   0.845E+00     30.35     42.73
     9.600    5511.0   0.932E+00     30.45     43.02
     9.900    5511.0   0.103E+01     30.56     43.31
    10.200    5511.0   0.108E+01     30.66     43.60
    10.500    5511.0   0.896E+00     30.77     43.89
    10.800    5511.0   0.679E+00     30.87     44.18
    11.100    5511.0   0.609E+00     30.98     44.47
    -0.000    5541.0  -0.121E+00     27.57     33.69
     0.300    5541.0  -0.322E+00     27.65     33.98
     0.600    5541.0  -0.316E+00     27.73     34.28
     0.900    5541.0  -0.228E+00     27.81     34.57
     1.200    5541.0  -0.111E+00     27.89     34.86
     1.500    5541.0   0.155E+00     27.97     35.15
     1.800    5541.0   0.387E+00     28.06     35.45
     2.100    5541.0   0.547E+00     28.14     35.74
     2.400    5541.0   0.559E+00     28.22     36.03
     2.700    5541.0   0.517E+00     28.31     36.32
     3.000    5541.0   0.487E+00     28.39     36.61
     3.300    5541.0   0.446E+00     28.48     36.91
     3.600    5541.0   0.377E+00     28.57     37.20
     3.900    5541.0   0.248E+00     28.65     37.49
     4.200    5541.0   0.837E-01     28.74     37.78
     4.500    5541.0   0.161E+00     28.83     38.07
     4.800    5541.0   0.310E+00     28.92     38.37
     5.100    5541.0   0.533E+00     29.01     38.66
     5.400    5541.0   0.894E+00     29.10     38.95
     5.700    5541.0   0.122E+01     29.19     39.24
     6.000    5541.0   0.131E+01     29.28     39.53
     6.300    5541.0   0.135E+01     29.38     39.82
     6.600    5541.0   0.135E+01     29.47     40.11
     6.900    5541.0   0.131E+01     29.56     40.41
     7.200    5541.0   0.126E+01     29.66     40.70
     7.500    5541.0   0.112E+01     29.76     40.99
     7.800    5541.0   0.103E+01     29.85     41.28
     8.100    5541.0   0.843E+00     29.95     41.57
     8.400    5541.0   0.726E+00     30.05     41.86
     8.700    5541.0   0.750E+00     30.15     42.15
     9.000    5541.0   0.773E+00     30.25     42.44
     9.300    5541.0   0.845E+00     30.35     42.73
     9.600    5541.0   0.932E+00     30.45     43.02
     9.900    5541.0   0.103E+01     30.56     43.31
    10.200    5541.0   0.108E+01     30.66     43.60
    10.500    5541.0   0.896E+00     30.77     43.89
    10.800    5541.0   0.679E+00     30.87     44.18
    11.100    5541.0   0.609E+00     30.98     44.47
    -0.000    5571.0  -0.888E+00     27.57     33.69
     0.300    5571.0  -0.115E+01     27.65     33.98
     0.600    5571.0  -0.121E+01     27.73     34.28
     0.900    5571.0  -0.117E+01     27.81     34.57
     1.200    5571.0  -0.113E+01     27.89     34.86
     1.500    5571.0  -0.704E+00     27.97     35.15
     1.800    5571.0  -0.298E+00     28.06     35.45
     2.100    5571.0   0.558E-01     28.14     35.74
     2.400    5571.0   0.249E+00     28.22     36.03
     2.700    5571.0   0.350E+00     28.31     36.32
     3.000    5571.0   0.354E+00     28.39     36.61
     3.300    5571.0   0.355E+00     28.48     36.91
     3.600    5571.0   0.313E+00     28.57     37.20
     3.900    5571.0   0.323E+00     28.65     37.49
     4.200    5571.0   0.407E+00     28.74     37.78
     4.500    5571.0   0.458E+00     28.83     38.07
     4.800    5571.0   0.556E+00     28.92     38.37
     5.100    5571.0   0.700E+00     29.01     38.66
     5.400    5571.0   0.835E+00     29.10     38.95
     5.700    5571.0   0.958E+00     29.19     39.24
     6.000    5571.0   0.863E+00     29.28     39.53
     6.300    5571.0   0.780E+00     29.38     39.82
     6.600    5571.0   0.724E+00     29.47     40.11
     6.900    5571.0   0.744E+00     29.56     40.41
     7.200    5571.0   0.752E+00     29.66     40.70
     7.500    5571.0   0.704E+00     29.76     40.99
     7.800    5571.0   0.640E+00     29.85     41.28
     8.100    5571.0   0.513E+00     29.95     41.57
     8.400    5571.0   0.408E+00     30.05     41.86
     8.700    5571.0   0.298E+00     30.15     42.15
     9.000    5571.0   0.267E+00     30.25     42.44
     9.300    5571.0   0.352E+00     30.35     42.73
     9.600    5571.0   0.464E+00     30.45     43.02
     9.900    5571.0   0.539E+00     30.56     43.31
    10.200    5571.0   0.589E+00     30.66     43.60
    10.500    5571.0   0.445E+00     30.77     43.89
    10.800    5571.0   0.215E+00     30.87     44.18
    11.100    5571.0   0.229E-01     30.98     44.47
    -0.000    5601.0  -0.888E+00     27.57     33.69
     0.300    5601.0  -0.115E+01     27.65     33.98
     0.600    5601.0  -0.121E+01     27.73     34.28
     0.900    5601.0  -0.117E+01     27.81     34.57
     1.200    5601.0  -0.113E+01     27.89     34.86
     1.500    5601.0  -0.704E+00     27.97     35.15
     1.800    5601.0  -0.298E+00     28.06     35.45
     2.100    5601.0   0.558E-01     28.14     35.74
     2.400    5601.0   0.249E+00     28.22     36.03
     2.700    5601.0   0.350E+00     28.31     36.32
     3.000    5601.0   0.354E+00     28.39     36.61
     3.300    5601.0   0.355E+00     28.48     36.91
     3.600    5601.0   0.313E+00     28.57     37.20
     3.900    5601.0   0.323E+00     28.65     37.49
     4.200    5601.0   0.407E+00     28.74     37.78
     4.500    5601.0   0.458E+00     28.83     38.07
     4.800    5601.0   0.556E+00     28.92     38.37
     5.100    5601.0   0.700E+00     29.01     38.66
     5.400    5601.0   0.835E+00     29.10     38.95
     5.700    5601.0   0.958E+00     29.19     39.24
     6.000    5601.0   0.863E+00     29.28     39.53
     6.300    5601.0   0.780E+00     29.38     39.82
     6.600    5601.0   0.724E+00     29.47     40.11
     6.900    5601.0   0.744E+00     29.56     40.41
     7.200    5601.0   0.752E+00     29.66     40.70
     7.500    5601.0   0.704E+00     29.76     40.99
     7.800    5601.0   0.640E+00     29.85     41.28
     8.100    5601.0   0.513E+00     29.95     41.57
     8.400    5601.0   0.408E+00     30.05     41.86
     8.700    5601.0   0.298E+00     30.15     42.15
     9.000    5601.0   0.267E+00     30.25     42.44
     9.300    5601.0   0.352E+00     30.35     42.73
     9.600    5601.0   0.464E+00     30.45     43.02
     9.900    5601.0   0.539E+00     30.56     43.31
    10.200    5601.0   0.589E+00     30.66     43.60
    10.500    5601.0   0.445E+00     30.77     43.89
    10.800    5601.0   0.215E+00     30.87     44.18
    11.100    5601.0   0.229E-01     30.98     44.47
    -0.000    5631.0  -0.888E+00     27.57     33.69
     0.300    5631.0  -0.115E+01     27.65     33.98
     0.600    5631.0  -0.121E+01     27.73     34.28
     0.900    5631.0  -0.117E+01     27.81     34.57
     1.200    5631.0  -0.113E+01     27.89     34.86
     1.500    5631.0  -0.704E+00     27.97     35.15
     1.800    5631.0  -0.298E+00     28.06     35.45
     2.100    5631.0   0.558E-01     28.14     35.74
     2.400    5631.0   0.249E+00     28.22     36.03
     2.700    5631.0   0.350E+00     28.31     36.32
     3.000    5631.0   0.354E+00     28.39     36.61
     3.300    5631.0   0.355E+00     28.48     36.91
     3.600    5631.0   0.313E+00     28.57     37.20
     3.900    5631.0   0.323E+00     28.65     37.49
     4.200    5631.0   0.407E+00     28.74     37.78
     4.500    5631.0   0.458E+00     28.83     38.07
     4.800    5631.0   0.556E+00     28.92     38.37
     5.100    5631.0   0.700E+00     29.01     38.66
     5.400    5631.0   0.835E+00     29.10     38.95
     5.700    5631.0   0.958E+00     29.19     39.24
     6.000    5631.0   0.863E+00     29.28     39.53
     6.300    5631.0   0.780E+00     29.38     39.82
     6.600    5631.0   0.724E+00     29.47     40.11
     6.900    5631.0   0.744E+00     29.56     40.41
     7.200    5631.0   0.752E+00     29.66     40.70
     7.500    5631.0   0.704E+00     29.76     40.99
     7.800    5631.0   0.640E+00     29.85     41.28
     8.100    5631.0   0.513E+00     29.95     41.57
     8.400    5631.0   0.408E+00     30.05     41.86
     8.700    5631.0   0.298E+00     30.15     42.15
     9.000    5631.0   0.267E+00     30.25     42.44
     9.300    5631.0   0.352E+00     30.35     42.73
     9.600    5631.0   0.464E+00     30.45     43.02
     9.900    5631.0   0.539E+00     30.56     43.31
    10.200    5631.0   0.589E+00     30.66     43.60
    10.500    5631.0   0.445E+00     30.77     43.89
    10.800    5631.0   0.215E+00     30.87     44.18
    11.100    5631.0   0.229E-01     30.98     44.47
    -0.000    5661.0  -0.141E+01     27.57     33.69
     0.300    5661.0  -0.161E+01     27.65     33.98
     0.600    5661.0  -0.170E+01     27.73     34.28
     0.900    5661.0  -0.170E+01     27.81     34.57
     1.200    5661.0  -0.167E+01     27.89     34.86
     1.500    5661.0  -0.126E+01     27.97     35.15
     1.800    5661.0  -0.828E+00     28.06     35.45
     2.100    5661.0  -0.390E+00     28.14     35.74
     2.400    5661.0  -0.955E-01     28.22     36.03
     2.700    5661.0   0.973E-01     28.31     36.32
     3.000    5661.0   0.159E+00     28.39     36.61
     3.300    5661.0   0.212E+00     28.48     36.91
     3.600    5661.0   0.303E+00     28.57     37.20
     3.900    5661.0   0.423E+00     28.65     37.49
     4.200    5661.0   0.565E+00     28.74     37.78
     4.500    5661.0   0.584E+00     28.83     38.07
     4.800    5661.0   0.541E+00     28.92     38.37
     5.100    5661.0   0.456E+00     29.01     38.66
     5.400    5661.0   0.439E+00     29.10     38.95
     5.700    5661.0   0.433E+00     29.19     39.24
     6.000    5661.0   0.318E+00     29.28     39.53
     6.300    5661.0   0.290E+00     29.38     39.82
     6.600    5661.0   0.335E+00     29.47     40.11
     6.900    5661.0   0.463E+00     29.56     40.41
     7.200    5661.0   0.500E+00     29.66     40.70
     7.500    5661.0   0.564E+00     29.76     40.99
     7.800    5661.0   0.609E+00     29.85     41.28
     8.100    5661.0   0.454E+00     29.95     41.57
     8.400    5661.0   0.220E+00     30.05     41.86
     8.700    5661.0   0.209E-01     30.15     42.15
     9.000    5661.0  -0.138E+00     30.25     42.44
     9.300    5661.0  -0.251E+00     30.35     42.73
     9.600    5661.0  -0.267E+00     30.45     43.02
     9.900    5661.0  -0.121E+00     30.56     43.31
    10.200    5661.0  -0.612E-01     30.66     43.60
    10.500    5661.0  -0.196E+00     30.77     43.89
    10.800    5661.0  -0.400E+00     30.87     44.18
    11.100    5661.0  -0.557E+00     30.98     44.47
    -0.000    5691.0  -0.141E+01     27.57     33.69
     0.300    5691.0  -0.161E+01     27.65     33.98
     0.600    5691.0  -0.170E+01     27.73     34.28
     0.900    5691.0  -0.170E+01     27.81     34.57
     1.200    5691.0  -0.167E+01     27.89     34.86
     1.500    5691.0  -0.126E+01     27.97     35.15
     1.800    5691.0  -0.828E+00     28.06     35.45
     2.100    5691.0  -0.390E+00     28.14     35.74
     2.400    5691.0  -0.955E-01     28.22     36.03
     2.700    5691.0   0.973E-01     28.31     36.32
     3.000    5691.0   0.159E+00     28.39     36.61
     3.300    5691.0   0.212E+00     28.48     36.91
     3.600    5691.0   0.303E+00     28.57     37.20
     3.900    5691.0   0.423E+00     28.65     37.49
     4.200    5691.0   0.565E+00     28.74     37.78
     4.500    5691.0   0.584E+00     28.83     38.07
     4.800    5691.0   0.541E+00     28.92     38.37
     5.100    5691.0   0.456E+00     29.01     38.66
     5.400    5691.0   0.439E+00     29.10     38.95
     5.700    5691.0   0.433E+00     29.19     39.24
     6.000    5691.0   0.318E+00     29.28     39.53
     6.300    5691.0   0.290E+00     29.38     39.82
     6.600    5691.0   0.335E+00     29.47     40.11
     6.900    5691.0   0.463E+00     29.56     40.41
     7.200    5691.0   0.500E+00     29.66     40.70
     7.500    5691.0   0.564E+00     29.76     40.99
     7.800    5691.0   0.609E+00     29.85     41.28
     8.100    5691.0   0.454E+00     29.95     41.57
     8.400    5691.0   0.220E+00     30.05     41.86
     8.700    5691.0   0.209E-01     30.15     42.15
     9.000    5691.0  -0.138E+00     30.25     42.44
     9.300    5691.0  -0.251E+00     30.35     42.73
     9.600    5691.0  -0.267E+00     30.45     43.02
     9.900    5691.0  -0.121E+00     30.56     43.31
    10.200    5691.0  -0.612E-01     30.66     43.60
    10.500    5691.0  -0.196E+00     30.77     43.89
    10.800    5691.0  -0.400E+00     30.87     44.18
    11.100    5691.0  -0.557E+00     30.98     44.47
    -0.000    5721.0  -0.143E+01     27.57     33.69
     0.300    5721.0  -0.158E+01     27.65     33.98
     0.600    5721.0  -0.166E+01     27.73     34.28
     0.900    5721.0  -0.169E+01     27.81     34.57
     1.200    5721.0  -0.172E+01     27.89     34.86
     1.500    5721.0  -0.131E+01     27.97     35.15
     1.800    5721.0  -0.910E+00     28.06     35.45
     2.100    5721.0  -0.514E+00     28.14     35.74
     2.400    5721.0  -0.180E+00     28.22     36.03
     2.700    5721.0   0.582E-01     28.31     36.32
     3.000    5721.0   0.137E+00     28.39     36.61
     3.300    5721.0   0.240E+00     28.48     36.91
     3.600    5721.0   0.385E+00     28.57     37.20
     3.900    5721.0   0.611E+00     28.65     37.49
     4.200    5721.0   0.845E+00     28.74     37.78
     4.500    5721.0   0.781E+00     28.83     38.07
     4.800    5721.0   0.677E+00     28.92     38.37
     5.100    5721.0   0.549E+00     29.01     38.66
     5.400    5721.0   0.447E+00     29.10     38.95
     5.700    5721.0   0.454E+00     29.19     39.24
     6.000    5721.0   0.407E+00     29.28     39.53
     6.300    5721.0   0.399E+00     29.38     39.82
     6.600    5721.0   0.421E+00     29.47     40.11
     6.900    5721.0   0.508E+00     29.56     40.41
     7.200    5721.0   0.505E+00     29.66     40.70
     7.500    5721.0   0.579E+00     29.76     40.99
     7.800    5721.0   0.627E+00     29.85     41.28
     8.100    5721.0   0.512E+00     29.95     41.57
     8.400    5721.0   0.271E+00     30.05     41.86
     8.700    5721.0   0.580E-02     30.15     42.15
     9.000    5721.0  -0.233E+00     30.25     42.44
     9.300    5721.0  -0.437E+00     30.35     42.73
     9.600    5721.0  -0.519E+00     30.45     43.02
     9.900    5721.0  -0.361E+00     30.56     43.31
    10.200    5721.0  -0.239E+00     30.66     43.60
    10.500    5721.0  -0.251E+00     30.77     43.89
    10.800    5721.0  -0.365E+00     30.87     44.18
    11.100    5721.0  -0.473E+00     30.98     44.47
    -0.000    5751.0  -0.125E+01     27.57     33.69
     0.300    5751.0  -0.124E+01     27.65     33.98
     0.600    5751.0  -0.122E+01     27.73     34.28
     0.900    5751.0  -0.121E+01     27.81     34.57
     1.200    5751.0  -0.127E+01     27.89     34.86
     1.500    5751.0  -0.106E+01     27.97     35.15
     1.800    5751.0  -0.834E+00     28.06     35.45
     2.100    5751.0  -0.573E+00     28.14     35.74
     2.400    5751.0  -0.317E+00     28.22     36.03
     2.700    5751.0  -0.103E+00     28.31     36.32
     3.000    5751.0   0.143E+00     28.39     36.61
     3.300    5751.0   0.380E+00     28.48     36.91
     3.600    5751.0   0.604E+00     28.57     37.20
     3.900    5751.0   0.925E+00     28.65     37.49
     4.200    5751.0   0.119E+01     28.74     37.78
     4.500    5751.0   0.118E+01     28.83     38.07
     4.800    5751.0   0.107E+01     28.92     38.37
     5.100    5751.0   0.908E+00     29.01     38.66
     5.400    5751.0   0.973E+00     29.10     38.95
     5.700    5751.0   0.111E+01     29.19     39.24
     6.000    5751.0   0.999E+00     29.28     39.53
     6.300    5751.0   0.914E+00     29.38     39.82
     6.600    5751.0   0.899E+00     29.47     40.11
     6.900    5751.0   0.893E+00     29.56     40.41
     7.200    5751.0   0.794E+00     29.66     40.70
     7.500    5751.0   0.864E+00     29.76     40.99
     7.800    5751.0   0.960E+00     29.85     41.28
     8.100    5751.0   0.897E+00     29.95     41.57
     8.400    5751.0   0.665E+00     30.05     41.86
     8.700    5751.0   0.355E+00     30.15     42.15
     9.000    5751.0   0.126E-01     30.25     42.44
     9.300    5751.0  -0.293E+00     30.35     42.73
     9.600    5751.0  -0.443E+00     30.45     43.02
     9.900    5751.0  -0.303E+00     30.56     43.31
    10.200    5751.0  -0.208E+00     30.66     43.60
    10.500    5751.0  -0.980E-01     30.77     43.89
    10.800    5751.0   0.509E-01     30.87     44.18
    11.100    5751.0   0.117E+00     30.98     44.47
    -0.000    5781.0  -0.125E+01     27.57     33.69
     0.300    5781.0  -0.124E+01     27.65     33.98
     0.600    5781.0  -0.122E+01     27.73     34.28
     0.900    5781.0  -0.121E+01     27.81     34.57
     1.200    5781.0  -0.127E+01     27.89     34.86
     1.500    5781.0  -0.106E+01     27.97     35.15
     1.800    5781.0  -0.834E+00     28.06     35.45
     2.100    5781.0  -0.573E+00     28.14     35.74
     2.400    5781.0  -0.317E+00     28.22     36.03
     2.700    5781.0  -0.103E+00     28.31     36.32
     3.000    5781.0   0.143E+00     28.39     36.61
     3.300    5781.0   0.380E+00     28.48     36.91
     3.600    5781.0   0.604E+00     28.57     37.20
     3.900    5781.0   0.925E+00     28.65     37.49
     4.200    5781.0   0.119E+01     28.74     37.78
     4.500    5781.0   0.118E+01     28.83     38.07
     4.800    5781.0   0.107E+01     28.92     38.37
     5.100    5781.0   0.908E+00     29.01     38.66
     5.400    5781.0   0.973E+00     29.10     38.95
     5.700    5781.0   0.111E+01     29.19     39.24
     6.000    5781.0   0.999E+00     29.28     39.53
     6.300    5781.0   0.914E+00     29.38     39.82
     6.600    5781.0   0.899E+00     29.47     40.11
     6.900    5781.0   0.893E+00     29.56     40.41
     7.200    5781.0   0.794E+00     29.66     40.70
     7.500    5781.0   0.864E+00     29.76     40.99
     7.800    5781.0   0.960E+00     29.85     41.28
     8.100    5781.0   0.897E+00     29.95     41.57
     8.400    5781.0   0.665E+00     30.05     41.86
     8.700    5781.0   0.355E+00     30.15     42.15
     9.000    5781.0   0.126E-01     30.25     42.44
     9.300    5781.0  -0.293E+00     30.35     42.73
     9.600    5781.0  -0.443E+00     30.45     43.02
     9.900    5781.0  -0.303E+00     30.56     43.31
    10.200    5781.0  -0.208E+00     30.66     43.60
    10.500    5781.0  -0.980E-01     30.77     43.89
    10.800    5781.0   0.509E-01     30.87     44.18
    11.100    5781.0   0.117E+00     30.98     44.47
    -0.000    5811.0  -0.125E+01     27.57     33.69
     0.300    5811.0  -0.124E+01     27.65     33.98
     0.600    5811.0  -0.122E+01     27.73     34.28
     0.900    5811.0  -0.121E+01     27.81     34.57
     1.200    5811.0  -0.127E+01     27.89     34.86
     1.500    5811.0  -0.106E+01     27.97     35.15
     1.800    5811.0  -0.834E+00     28.06     35.45
     2.100    5811.0  -0.573E+00     28.14     35.74
     2.400    5811.0  -0.317E+00     28.22     36.03
     2.700    5811.0  -0.103E+00     28.31     36.32
     3.000    5811.0   0.143E+00     28.39     36.61
     3.300    5811.0   0.380E+00     28.48     36.91
     3.600    5811.0   0.604E+00     28.57     37.20
     3.900    5811.0   0.925E+00     28.65     37.49
     4.200    5811.0   0.119E+01     28.74     37.78
     4.500    5811.0   0.118E+01     28.83     38.07
     4.800    5811.0   0.107E+01     28.92     38.37
     5.100    5811.0   0.908E+00     29.01     38.66
     5.400    5811.0   0.973E+00     29.10     38.95
     5.700    5811.0   0.111E+01     29.19     39.24
     6.000    5811.0   0.999E+00     29.28     39.53
     6.300    5811.0   0.914E+00     29.38     39.82
     6.600    5811.0   0.899E+00     29.47     40.11
     6.900    5811.0   0.893E+00     29.56     40.41
     7.200    5811.0   0.794E+00     29.66     40.70
     7.500    5811.0   0.864E+00     29.76     40.99
     7.800    5811.0   0.960E+00     29.85     41.28
     8.100    5811.0   0.897E+00     29.95     41.57
     8.400    5811.0   0.665E+00     30.05     41.86
     8.700    5811.0   0.355E+00     30.15     42.15
     9.000    5811.0   0.126E-01     30.25     42.44
     9.300    5811.0  -0.293E+00     30.35     42.73
     9.600    5811.0  -0.443E+00     30.45     43.02
     9.900    5811.0  -0.303E+00     30.56     43.31
    10.200    5811.0  -0.208E+00     30.66     43.60
    10.500    5811.0  -0.980E-01     30.77     43.89
    10.800    5811.0   0.509E-01     30.87     44.18
    11.100    5811.0   0.117E+00     30.98     44.47
    -0.000    5841.0  -0.117E+01     27.57     33.69
     0.300    5841.0  -0.919E+00     27.65     33.98
     0.600    5841.0  -0.748E+00     27.73     34.28
     0.900    5841.0  -0.717E+00     27.81     34.57
     1.200    5841.0  -0.783E+00     27.89     34.86
     1.500    5841.0  -0.757E+00     27.97     35.15
     1.800    5841.0  -0.792E+00     28.06     35.45
     2.100    5841.0  -0.784E+00     28.14     35.74
     2.400    5841.0  -0.564E+00     28.22     36.03
     2.700    5841.0  -0.314E+00     28.31     36.32
     3.000    5841.0  -0.543E-01     28.39     36.61
     3.300    5841.0   0.149E+00     28.48     36.91
     3.600    5841.0   0.341E+00     28.57     37.20
     3.900    5841.0   0.601E+00     28.65     37.49
     4.200    5841.0   0.745E+00     28.74     37.78
     4.500    5841.0   0.704E+00     28.83     38.07
     4.800    5841.0   0.711E+00     28.92     38.37
     5.100    5841.0   0.767E+00     29.01     38.66
     5.400    5841.0   0.892E+00     29.10     38.95
     5.700    5841.0   0.106E+01     29.19     39.24
     6.000    5841.0   0.102E+01     29.28     39.53
     6.300    5841.0   0.947E+00     29.38     39.82
     6.600    5841.0   0.783E+00     29.47     40.11
     6.900    5841.0   0.545E+00     29.56     40.41
     7.200    5841.0   0.403E+00     29.66     40.70
     7.500    5841.0   0.514E+00     29.76     40.99
     7.800    5841.0   0.640E+00     29.85     41.28
     8.100    5841.0   0.653E+00     29.95     41.57
     8.400    5841.0   0.578E+00     30.05     41.86
     8.700    5841.0   0.464E+00     30.15     42.15
     9.000    5841.0   0.194E+00     30.25     42.44
     9.300    5841.0  -0.768E-01     30.35     42.73
     9.600    5841.0  -0.250E+00     30.45     43.02
     9.900    5841.0  -0.141E+00     30.56     43.31
    10.200    5841.0   0.757E-01     30.66     43.60
    10.500    5841.0   0.320E+00     30.77     43.89
    10.800    5841.0   0.440E+00     30.87     44.18
    11.100    5841.0   0.449E+00     30.98     44.47
    -0.000    5871.0  -0.117E+01     27.57     33.69
     0.300    5871.0  -0.919E+00     27.65     33.98
     0.600    5871.0  -0.748E+00     27.73     34.28
     0.900    5871.0  -0.717E+00     27.81     34.57
     1.200    5871.0  -0.783E+00     27.89     34.86
     1.500    5871.0  -0.757E+00     27.97     35.15
     1.800    5871.0  -0.792E+00     28.06     35.45
     2.100    5871.0  -0.784E+00     28.14     35.74
     2.400    5871.0  -0.564E+00     28.22     36.03
     2.700    5871.0  -0.314E+00     28.31     36.32
     3.000    5871.0  -0.543E-01     28.39     36.61
     3.300    5871.0   0.149E+00     28.48     36.91
     3.600    5871.0   0.341E+00     28.57     37.20
     3.900    5871.0   0.601E+00     28.65     37.49
     4.200    5871.0   0.745E+00     28.74     37.78
     4.500    5871.0   0.704E+00     28.83     38.07
     4.800    5871.0   0.711E+00     28.92     38.37
     5.100    5871.0   0.767E+00     29.01     38.66
     5.400    5871.0   0.892E+00     29.10     38.95
     5.700    5871.0   0.106E+01     29.19     39.24
     6.000    5871.0   0.102E+01     29.28     39.53
     6.300    5871.0   0.947E+00     29.38     39.82
     6.600    5871.0   0.783E+00     29.47     40.11
     6.900    5871.0   0.545E+00     29.56     40.41
     7.200    5871.0   0.403E+00     29.66     40.70
     7.500    5871.0   0.514E+00     29.76     40.99
     7.800    5871.0   0.640E+00     29.85     41.28
     8.100    5871.0   0.653E+00     29.95     41.57
     8.400    5871.0   0.578E+00     30.05     41.86
     8.700    5871.0   0.464E+00     30.15     42.15
     9.000    5871.0   0.194E+00     30.25     42.44
     9.300    5871.0  -0.768E-01     30.35     42.73
     9.600    5871.0  -0.250E+00     30.45     43.02
     9.900    5871.0  -0.141E+00     30.56     43.31
    10.200    5871.0   0.757E-01     30.66     43.60
    10.500    5871.0   0.320E+00     30.77     43.89
    10.800    5871.0   0.440E+00     30.87     44.18
    11.100    5871.0   0.449E+00     30.98     44.47
    -0.000    5901.0  -0.117E+01     27.57     33.69
     0.300    5901.0  -0.919E+00     27.65     33.98
     0.600    5901.0  -0.748E+00     27.73     34.28
     0.900    5901.0  -0.717E+00     27.81     34.57
     1.200    5901.0  -0.783E+00     27.89     34.86
     1.500    5901.0  -0.757E+00     27.97     35.15
     1.800    5901.0  -0.792E+00     28.06     35.45
     2.100    5901.0  -0.784E+00     28.14     35.74
     2.400    5901.0  -0.564E+00     28.22     36.03
     2.700    5901.0  -0.314E+00     28.31     36.32
     3.000    5901.0  -0.543E-01     28.39     36.61
     3.300    5901.0   0.149E+00     28.48     36.91
     3.600    5901.0   0.341E+00     28.57     37.20
     3.900    5901.0   0.601E+00     28.65     37.49
     4.200    5901.0   0.745E+00     28.74     37.78
     4.500    5901.0   0.704E+00     28.83     38.07
     4.800    5901.0   0.711E+00     28.92     38.37
     5.100    5901.0   0.767E+00     29.01     38.66
     5.400    5901.0   0.892E+00     29.10     38.95
     5.700    5901.0   0.106E+01     29.19     39.24
     6.000    5901.0   0.102E+01     29.28     39.53
     6.300    5901.0   0.947E+00     29.38     39.82
     6.600    5901.0   0.783E+00     29.47     40.11
     6.900    5901.0   0.545E+00     29.56     40.41
     7.200    5901.0   0.403E+00     29.66     40.70
     7.500    5901.0   0.514E+00     29.76     40.99
     7.800    5901.0   0.640E+00     29.85     41.28
     8.100    5901.0   0.653E+00     29.95     41.57
     8.400    5901.0   0.578E+00     30.05     41.86
     8.700    5901.0   0.464E+00     30.15     42.15
     9.000    5901.0   0.194E+00     30.25     42.44
     9.300    5901.0  -0.768E-01     30.35     42.73
     9.600    5901.0  -0.250E+00     30.45     43.02
     9.900    5901.0  -0.141E+00     30.56     43.31
    10.200    5901.0   0.757E-01     30.66     43.60
    10.500    5901.0   0.320E+00     30.77     43.89
    10.800    5901.0   0.440E+00     30.87     44.18
    11.100    5901.0   0.449E+00     30.98     44.47
    -0.000    5931.0  -0.160E+01     27.57     33.69
     0.300    5931.0  -0.121E+01     27.65     33.98
     0.600    5931.0  -0.838E+00     27.73     34.28
     0.900    5931.0  -0.658E+00     27.81     34.57
     1.200    5931.0  -0.623E+00     27.89     34.86
     1.500    5931.0  -0.718E+00     27.97     35.15
     1.800    5931.0  -0.810E+00     28.06     35.45
     2.100    5931.0  -0.793E+00     28.14     35.74
     2.400    5931.0  -0.604E+00     28.22     36.03
     2.700    5931.0  -0.366E+00     28.31     36.32
     3.000    5931.0  -0.819E-01     28.39     36.61
     3.300    5931.0   0.101E+00     28.48     36.91
     3.600    5931.0   0.150E+00     28.57     37.20
     3.900    5931.0   0.159E+00     28.65     37.49
     4.200    5931.0   0.110E+00     28.74     37.78
     4.500    5931.0   0.679E-01     28.83     38.07
     4.800    5931.0   0.687E-01     28.92     38.37
     5.100    5931.0   0.144E+00     29.01     38.66
     5.400    5931.0   0.427E+00     29.10     38.95
     5.700    5931.0   0.700E+00     29.19     39.24
     6.000    5931.0   0.628E+00     29.28     39.53
     6.300    5931.0   0.393E+00     29.38     39.82
     6.600    5931.0   0.746E-01     29.47     40.11
     6.900    5931.0  -0.233E+00     29.56     40.41
     7.200    5931.0  -0.498E+00     29.66     40.70
     7.500    5931.0  -0.512E+00     29.76     40.99
     7.800    5931.0  -0.350E+00     29.85     41.28
     8.100    5931.0  -0.230E+00     29.95     41.57
     8.400    5931.0  -0.165E+00     30.05     41.86
     8.700    5931.0  -0.794E-01     30.15     42.15
     9.000    5931.0  -0.172E+00     30.25     42.44
     9.300    5931.0  -0.284E+00     30.35     42.73
     9.600    5931.0  -0.333E+00     30.45     43.02
     9.900    5931.0  -0.203E+00     30.56     43.31
    10.200    5931.0  -0.607E-01     30.66     43.60
    10.500    5931.0   0.150E+00     30.77     43.89
    10.800    5931.0   0.291E+00     30.87     44.18
    11.100    5931.0   0.219E+00     30.98     44.47
    -0.000    5961.0  -0.160E+01     27.57     33.69
     0.300    5961.0  -0.121E+01     27.65     33.98
     0.600    5961.0  -0.838E+00     27.73     34.28
     0.900    5961.0  -0.658E+00     27.81     34.57
     1.200    5961.0  -0.623E+00     27.89     34.86
     1.500    5961.0  -0.718E+00     27.97     35.15
     1.800    5961.0  -0.810E+00     28.06     35.45
     2.100    5961.0  -0.793E+00     28.14     35.74
     2.400    5961.0  -0.604E+00     28.22     36.03
     2.700    5961.0  -0.366E+00     28.31     36.32
     3.000    5961.0  -0.819E-01     28.39     36.61
     3.300    5961.0   0.101E+00     28.48     36.91
     3.600    5961.0   0.150E+00     28.57     37.20
     3.900    5961.0   0.159E+00     28.65     37.49
     4.200    5961.0   0.110E+00     28.74     37.78
     4.500    5961.0   0.679E-01     28.83     38.07
     4.800    5961.0   0.687E-01     28.92     38.37
     5.100    5961.0   0.144E+00     29.01     38.66
     5.400    5961.0   0.427E+00     29.10     38.95
     5.700    5961.0   0.700E+00     29.19     39.24
     6.000    5961.0   0.628E+00     29.28     39.53
     6.300    5961.0   0.393E+00     29.38     39.82
     6.600    5961.0   0.746E-01     29.47     40.11
     6.900    5961.0  -0.233E+00     29.56     40.41
     7.200    5961.0  -0.498E+00     29.66     40.70
     7.500    5961.0  -0.512E+00     29.76     40.99
     7.800    5961.0  -0.350E+00     29.85     41.28
     8.100    5961.0  -0.230E+00     29.95     41.57
     8.400    5961.0  -0.165E+00     30.05     41.86
     8.700    5961.0  -0.794E-01     30.15     42.15
     9.000    5961.0  -0.172E+00     30.25     42.44
     9.300    5961.0  -0.284E+00     30.35     42.73
     9.600    5961.0  -0.333E+00     30.45     43.02
     9.900    5961.0  -0.203E+00     30.56     43.31
    10.200    5961.0  -0.607E-01     30.66     43.60
    10.500    5961.0   0.150E+00     30.77     43.89
    10.800    5961.0   0.291E+00     30.87     44.18
    11.100    5961.0   0.219E+00     30.98     44.47
    -0.000    5991.0  -0.153E+01     27.57     33.69
     0.300    5991.0  -0.115E+01     27.65     33.98
     0.600    5991.0  -0.736E+00     27.73     34.28
     0.900    5991.0  -0.517E+00     27.81     34.57
     1.200    5991.0  -0.453E+00     27.89     34.86
     1.500    5991.0  -0.606E+00     27.97     35.15
     1.800    5991.0  -0.783E+00     28.06     35.45
     2.100    5991.0  -0.808E+00     28.14     35.74
     2.400    5991.0  -0.570E+00     28.22     36.03
     2.700    5991.0  -0.352E+00     28.31     36.32
     3.000    5991.0  -0.980E-01     28.39     36.61
     3.300    5991.0   0.130E+00     28.48     36.91
     3.600    5991.0   0.147E+00     28.57     37.20
     3.900    5991.0   0.687E-02     28.65     37.49
     4.200    5991.0  -0.139E+00     28.74     37.78
     4.500    5991.0  -0.250E+00     28.83     38.07
     4.800    5991.0  -0.253E+00     28.92     38.37
     5.100    5991.0  -0.135E+00     29.01     38.66
     5.400    5991.0   0.134E+00     29.10     38.95
     5.700    5991.0   0.357E+00     29.19     39.24
     6.000    5991.0   0.342E+00     29.28     39.53
     6.300    5991.0   0.163E+00     29.38     39.82
     6.600    5991.0  -0.131E+00     29.47     40.11
     6.900    5991.0  -0.435E+00     29.56     40.41
     7.200    5991.0  -0.678E+00     29.66     40.70
     7.500    5991.0  -0.711E+00     29.76     40.99
     7.800    5991.0  -0.620E+00     29.85     41.28
     8.100    5991.0  -0.491E+00     29.95     41.57
     8.400    5991.0  -0.380E+00     30.05     41.86
     8.700    5991.0  -0.252E+00     30.15     42.15
     9.000    5991.0  -0.233E+00     30.25     42.44
     9.300    5991.0  -0.269E+00     30.35     42.73
     9.600    5991.0  -0.304E+00     30.45     43.02
     9.900    5991.0  -0.269E+00     30.56     43.31
    10.200    5991.0  -0.206E+00     30.66     43.60
    10.500    5991.0  -0.129E-01     30.77     43.89
    10.800    5991.0   0.770E-01     30.87     44.18
    11.100    5991.0  -0.546E-01     30.98     44.47
    -0.000    6021.0  -0.399E+00     27.57     33.69
     0.300    6021.0  -0.188E+00     27.65     33.98
     0.600    6021.0  -0.252E-01     27.73     34.28
     0.900    6021.0  -0.150E-01     27.81     34.57
     1.200    6021.0  -0.830E-01     27.89     34.86
     1.500    6021.0  -0.307E+00     27.97     35.15
     1.800    6021.0  -0.592E+00     28.06     35.45
     2.100    6021.0  -0.761E+00     28.14     35.74
     2.400    6021.0  -0.624E+00     28.22     36.03
     2.700    6021.0  -0.450E+00     28.31     36.32
     3.000    6021.0  -0.312E+00     28.39     36.61
     3.300    6021.0  -0.219E+00     28.48     36.91
     3.600    6021.0  -0.226E+00     28.57     37.20
     3.900    6021.0  -0.490E+00     28.65     37.49
     4.200    6021.0  -0.846E+00     28.74     37.78
     4.500    6021.0  -0.831E+00     28.83     38.07
     4.800    6021.0  -0.856E+00     28.92     38.37
     5.100    6021.0  -0.922E+00     29.01     38.66
     5.400    6021.0  -0.651E+00     29.10     38.95
     5.700    6021.0  -0.387E+00     29.19     39.24
     6.000    6021.0  -0.308E+00     29.28     39.53
     6.300    6021.0  -0.429E+00     29.38     39.82
     6.600    6021.0  -0.559E+00     29.47     40.11
     6.900    6021.0  -0.711E+00     29.56     40.41
     7.200    6021.0  -0.832E+00     29.66     40.70
     7.500    6021.0  -0.800E+00     29.76     40.99
     7.800    6021.0  -0.798E+00     29.85     41.28
     8.100    6021.0  -0.639E+00     29.95     41.57
     8.400    6021.0  -0.466E+00     30.05     41.86
     8.700    6021.0  -0.351E+00     30.15     42.15
     9.000    6021.0  -0.298E+00     30.25     42.44
     9.300    6021.0  -0.309E+00     30.35     42.73
     9.600    6021.0  -0.349E+00     30.45     43.02
     9.900    6021.0  -0.448E+00     30.56     43.31
    10.200    6021.0  -0.543E+00     30.66     43.60
    10.500    6021.0  -0.477E+00     30.77     43.89
    10.800    6021.0  -0.568E+00     30.87     44.18
    11.100    6021.0  -0.759E+00     30.98     44.47
    -0.000    6051.0  -0.399E+00     27.57     33.69
     0.300    6051.0  -0.188E+00     27.65     33.98
     0.600    6051.0  -0.252E-01     27.73     34.28
     0.900    6051.0  -0.150E-01     27.81     34.57
     1.200    6051.0  -0.830E-01     27.89     34.86
     1.500    6051.0  -0.307E+00     27.97     35.15
     1.800    6051.0  -0.592E+00     28.06     35.45
     2.100    6051.0  -0.761E+00     28.14     35.74
     2.400    6051.0  -0.624E+00     28.22     36.03
     2.700    6051.0  -0.450E+00     28.31     36.32
     3.000    6051.0  -0.312E+00     28.39     36.61
     3.300    6051.0  -0.219E+00     28.48     36.91
     3.600    6051.0  -0.226E+00     28.57     37.20
     3.900    6051.0  -0.490E+00     28.65     37.49
     4.200    6051.0  -0.846E+00     28.74     37.78
     4.500    6051.0  -0.831E+00     28.83     38.07
     4.800    6051.0  -0.856E+00     28.92     38.37
     5.100    6051.0  -0.922E+00     29.01     38.66
     5.400    6051.0  -0.651E+00     29.10     38.95
     5.700    6051.0  -0.387E+00     29.19     39.24
     6.000    6051.0  -0.308E+00     29.28     39.53
     6.300    6051.0  -0.429E+00     29.38     39.82
     6.600    6051.0  -0.559E+00     29.47     40.11
     6.900    6051.0  -0.711E+00     29.56     40.41
     7.200    6051.0  -0.832E+00     29.66     40.70
     7.500    6051.0  -0.800E+00     29.76     40.99
     7.800    6051.0  -0.798E+00     29.85     41.28
     8.100    6051.0  -0.639E+00     29.95     41.57
     8.400    6051.0  -0.466E+00     30.05     41.86
     8.700    6051.0  -0.351E+00     30.15     42.15
     9.000    6051.0  -0.298E+00     30.25     42.44
     9.300    6051.0  -0.309E+00     30.35     42.73
     9.600    6051.0  -0.349E+00     30.45     43.02
     9.900    6051.0  -0.448E+00     30.56     43.31
    10.200    6051.0  -0.543E+00     30.66     43.60
    10.500    6051.0  -0.477E+00     30.77     43.89
    10.800    6051.0  -0.568E+00     30.87     44.18
    11.100    6051.0  -0.759E+00     30.98     44.47
    -0.000    6081.0  -0.399E+00     27.57     33.69
     0.300    6081.0  -0.188E+00     27.65     33.98
     0.600    6081.0  -0.252E-01     27.73     34.28
     0.900    6081.0  -0.150E-01     27.81     34.57
     1.200    6081.0  -0.830E-01     27.89     34.86
     1.500    6081.0  -0.307E+00     27.97     35.15
     1.800    6081.0  -0.592E+00     28.06     35.45
     2.100    6081.0  -0.761E+00     28.14     35.74
     2.400    6081.0  -0.624E+00     28.22     36.03
     2.700    6081.0  -0.450E+00     28.31     36.32
     3.000    6081.0  -0.312E+00     28.39     36.61
     3.300    6081.0  -0.219E+00     28.48     36.91
     3.600    6081.0  -0.226E+00     28.57     37.20
     3.900    6081.0  -0.490E+00     28.65     37.49
     4.200    6081.0  -0.846E+00     28.74     37.78
     4.500    6081.0  -0.831E+00     28.83     38.07
     4.800    6081.0  -0.856E+00     28.92     38.37
     5.100    6081.0  -0.922E+00     29.01     38.66
     5.400    6081.0  -0.651E+00     29.10     38.95
     5.700    6081.0  -0.387E+00     29.19     39.24
     6.000    6081.0  -0.308E+00     29.28     39.53
     6.300    6081.0  -0.429E+00     29.38     39.82
     6.600    6081.0  -0.559E+00     29.47     40.11
     6.900    6081.0  -0.711E+00     29.56     40.41
     7.200    6081.0  -0.832E+00     29.66     40.70
     7.500    6081.0  -0.800E+00     29.76     40.99
     7.800    6081.0  -0.798E+00     29.85     41.28
     8.100    6081.0  -0.639E+00     29.95     41.57
     8.400    6081.0  -0.466E+00     30.05     41.86
     8.700    6081.0  -0.351E+00     30.15     42.15
     9.000    6081.0  -0.298E+00     30.25     42.44
     9.300    6081.0  -0.309E+00     30.35     42.73
     9.600    6081.0  -0.349E+00     30.45     43.02
     9.900    6081.0  -0.448E+00     30.56     43.31
    10.200    6081.0  -0.543E+00     30.66     43.60
    10.500    6081.0  -0.477E+00     30.77     43.89
    10.800    6081.0  -0.568E+00     30.87     44.18
    11.100    6081.0  -0.759E+00     30.98     44.47
    -0.000    6111.0   0.372E+00     27.57     33.69
     0.300    6111.0   0.340E+00     27.65     33.98
     0.600    6111.0   0.445E+00     27.73     34.28
     0.900    6111.0   0.492E+00     27.81     34.57
     1.200    6111.0   0.480E+00     27.89     34.86
     1.500    6111.0   0.199E+00     27.97     35.15
     1.800    6111.0  -0.168E+00     28.06     35.45
     2.100    6111.0  -0.408E+00     28.14     35.74
     2.400    6111.0  -0.310E+00     28.22     36.03
     2.700    6111.0  -0.338E+00     28.31     36.32
     3.000    6111.0  -0.455E+00     28.39     36.61
     3.300    6111.0  -0.421E+00     28.48     36.91
     3.600    6111.0  -0.437E+00     28.57     37.20
     3.900    6111.0  -0.636E+00     28.65     37.49
     4.200    6111.0  -0.813E+00     28.74     37.78
     4.500    6111.0  -0.791E+00     28.83     38.07
     4.800    6111.0  -0.720E+00     28.92     38.37
     5.100    6111.0  -0.653E+00     29.01     38.66
     5.400    6111.0  -0.603E+00     29.10     38.95
     5.700    6111.0  -0.557E+00     29.19     39.24
     6.000    6111.0  -0.575E+00     29.28     39.53
     6.300    6111.0  -0.748E+00     29.38     39.82
     6.600    6111.0  -0.894E+00     29.47     40.11
     6.900    6111.0  -0.956E+00     29.56     40.41
     7.200    6111.0  -0.995E+00     29.66     40.70
     7.500    6111.0  -0.969E+00     29.76     40.99
     7.800    6111.0  -0.820E+00     29.85     41.28
     8.100    6111.0  -0.651E+00     29.95     41.57
     8.400    6111.0  -0.567E+00     30.05     41.86
     8.700    6111.0  -0.407E+00     30.15     42.15
     9.000    6111.0  -0.322E+00     30.25     42.44
     9.300    6111.0  -0.264E+00     30.35     42.73
     9.600    6111.0  -0.253E+00     30.45     43.02
     9.900    6111.0  -0.385E+00     30.56     43.31
    10.200    6111.0  -0.532E+00     30.66     43.60
    10.500    6111.0  -0.492E+00     30.77     43.89
    10.800    6111.0  -0.676E+00     30.87     44.18
    11.100    6111.0  -0.913E+00     30.98     44.47
    -0.000    6141.0   0.372E+00     27.57     33.69
     0.300    6141.0   0.340E+00     27.65     33.98
     0.600    6141.0   0.445E+00     27.73     34.28
     0.900    6141.0   0.492E+00     27.81     34.57
     1.200    6141.0   0.480E+00     27.89     34.86
     1.500    6141.0   0.199E+00     27.97     35.15
     1.800    6141.0  -0.168E+00     28.06     35.45
     2.100    6141.0  -0.408E+00     28.14     35.74
     2.400    6141.0  -0.310E+00     28.22     36.03
     2.700    6141.0  -0.338E+00     28.31     36.32
     3.000    6141.0  -0.455E+00     28.39     36.61
     3.300    6141.0  -0.421E+00     28.48     36.91
     3.600    6141.0  -0.437E+00     28.57     37.20
     3.900    6141.0  -0.636E+00     28.65     37.49
     4.200    6141.0  -0.813E+00     28.74     37.78
     4.500    6141.0  -0.791E+00     28.83     38.07
     4.800    6141.0  -0.720E+00     28.92     38.37
     5.100    6141.0  -0.653E+00     29.01     38.66
     5.400    6141.0  -0.603E+00     29.10     38.95
     5.700    6141.0  -0.557E+00     29.19     39.24
     6.000    6141.0  -0.575E+00     29.28     39.53
     6.300    6141.0  -0.748E+00     29.38     39.82
     6.600    6141.0  -0.894E+00     29.47     40.11
     6.900    6141.0  -0.956E+00     29.56     40.41
     7.200    6141.0  -0.995E+00     29.66     40.70
     7.500    6141.0  -0.969E+00     29.76     40.99
     7.800    6141.0  -0.820E+00     29.85     41.28
     8.100    6141.0  -0.651E+00     29.95     41.57
     8.400    6141.0  -0.567E+00     30.05     41.86
     8.700    6141.0  -0.407E+00     30.15     42.15
     9.000    6141.0  -0.322E+00     30.25     42.44
     9.300    6141.0  -0.264E+00     30.35     42.73
     9.600    6141.0  -0.253E+00     30.45     43.02
     9.900    6141.0  -0.385E+00     30.56     43.31
    10.200    6141.0  -0.532E+00     30.66     43.60
    10.500    6141.0  -0.492E+00     30.77     43.89
    10.800    6141.0  -0.676E+00     30.87     44.18
    11.100    6141.0  -0.913E+00     30.98     44.47
    -0.000    6171.0   0.372E+00     27.57     33.69
     0.300    6171.0   0.340E+00     27.65     33.98
     0.600    6171.0   0.445E+00     27.73     34.28
     0.900    6171.0   0.492E+00     27.81     34.57
     1.200    6171.0   0.480E+00     27.89     34.86
     1.500    6171.0   0.199E+00     27.97     35.15
     1.800    6171.0  -0.168E+00     28.06     35.45
     2.100    6171.0  -0.408E+00     28.14     35.74
     2.400    6171.0  -0.310E+00     28.22     36.03
     2.700    6171.0  -0.338E+00     28.31     36.32
     3.000    6171.0  -0.455E+00     28.39     36.61
     3.300    6171.0  -0.421E+00     28.48     36.91
     3.600    6171.0  -0.437E+00     28.57     37.20
     3.900    6171.0  -0.636E+00     28.65     37.49
     4.200    6171.0  -0.813E+00     28.74     37.78
     4.500    6171.0  -0.791E+00     28.83     38.07
     4.800    6171.0  -0.720E+00     28.92     38.37
     5.100    6171.0  -0.653E+00     29.01     38.66
     5.400    6171.0  -0.603E+00     29.10     38.95
     5.700    6171.0  -0.557E+00     29.19     39.24
     6.000    6171.0  -0.575E+00     29.28     39.53
     6.300    6171.0  -0.748E+00     29.38     39.82
     6.600    6171.0  -0.894E+00     29.47     40.11
     6.900    6171.0  -0.956E+00     29.56     40.41
     7.200    6171.0  -0.995E+00     29.66     40.70
     7.500    6171.0  -0.969E+00     29.76     40.99
     7.800    6171.0  -0.820E+00     29.85     41.28
     8.100    6171.0  -0.651E+00     29.95     41.57
     8.400    6171.0  -0.567E+00     30.05     41.86
     8.700    6171.0  -0.407E+00     30.15     42.15
     9.000    6171.0  -0.322E+00     30.25     42.44
     9.300    6171.0  -0.264E+00     30.35     42.73
     9.600    6171.0  -0.253E+00     30.45     43.02
     9.900    6171.0  -0.385E+00     30.56     43.31
    10.200    6171.0  -0.532E+00     30.66     43.60
    10.500    6171.0  -0.492E+00     30.77     43.89
    10.800    6171.0  -0.676E+00     30.87     44.18
    11.100    6171.0  -0.913E+00     30.98     44.47
    -0.000    6201.0   0.156E+00     27.57     33.69
     0.300    6201.0   0.162E+00     27.65     33.98
     0.600    6201.0   0.430E+00     27.73     34.28
     0.900    6201.0   0.748E+00     27.81     34.57
     1.200    6201.0   0.103E+01     27.89     34.86
     1.500    6201.0   0.117E+01     27.97     35.15
     1.800    6201.0   0.112E+01     28.06     35.45
     2.100    6201.0   0.912E+00     28.14     35.74
     2.400    6201.0   0.707E+00     28.22     36.03
     2.700    6201.0   0.337E+00     28.31     36.32
     3.000    6201.0  -0.791E-02     28.39     36.61
     3.300    6201.0  -0.186E+00     28.48     36.91
     3.600    6201.0  -0.367E+00     28.57     37.20
     3.900    6201.0  -0.520E+00     28.65     37.49
     4.200    6201.0  -0.486E+00     28.74     37.78
     4.500    6201.0  -0.189E+00     28.83     38.07
     4.800    6201.0   0.863E-01     28.92     38.37
     5.100    6201.0   0.266E+00     29.01     38.66
     5.400    6201.0   0.306E+00     29.10     38.95
     5.700    6201.0   0.353E+00     29.19     39.24
     6.000    6201.0   0.251E+00     29.28     39.53
     6.300    6201.0   0.280E-01     29.38     39.82
     6.600    6201.0  -0.103E+00     29.47     40.11
     6.900    6201.0  -0.203E+00     29.56     40.41
     7.200    6201.0  -0.209E+00     29.66     40.70
     7.500    6201.0  -0.123E+00     29.76     40.99
     7.800    6201.0  -0.121E+00     29.85     41.28
     8.100    6201.0  -0.888E-01     29.95     41.57
     8.400    6201.0  -0.581E-01     30.05     41.86
     8.700    6201.0  -0.318E-01     30.15     42.15
     9.000    6201.0  -0.413E-01     30.25     42.44
     9.300    6201.0  -0.603E-01     30.35     42.73
     9.600    6201.0  -0.337E-01     30.45     43.02
     9.900    6201.0  -0.356E-01     30.56     43.31
    10.200    6201.0  -0.916E-01     30.66     43.60
    10.500    6201.0   0.207E-02     30.77     43.89
    10.800    6201.0  -0.137E+00     30.87     44.18
    11.100    6201.0  -0.261E+00     30.98     44.47
    -0.000    6231.0   0.156E+00     27.57     33.69
     0.300    6231.0   0.162E+00     27.65     33.98
     0.600    6231.0   0.430E+00     27.73     34.28
     0.900    6231.0   0.748E+00     27.81     34.57
     1.200    6231.0   0.103E+01     27.89     34.86
     1.500    6231.0   0.117E+01     27.97     35.15
     1.800    6231.0   0.112E+01     28.06     35.45
     2.100    6231.0   0.912E+00     28.14     35.74
     2.400    6231.0   0.707E+00     28.22     36.03
     2.700    6231.0   0.337E+00     28.31     36.32
     3.000    6231.0  -0.791E-02     28.39     36.61
     3.300    6231.0  -0.186E+00     28.48     36.91
     3.600    6231.0  -0.367E+00     28.57     37.20
     3.900    6231.0  -0.520E+00     28.65     37.49
     4.200    6231.0  -0.486E+00     28.74     37.78
     4.500    6231.0  -0.189E+00     28.83     38.07
     4.800    6231.0   0.863E-01     28.92     38.37
     5.100    6231.0   0.266E+00     29.01     38.66
     5.400    6231.0   0.306E+00     29.10     38.95
     5.700    6231.0   0.353E+00     29.19     39.24
     6.000    6231.0   0.251E+00     29.28     39.53
     6.300    6231.0   0.280E-01     29.38     39.82
     6.600    6231.0  -0.103E+00     29.47     40.11
     6.900    6231.0  -0.203E+00     29.56     40.41
     7.200    6231.0  -0.209E+00     29.66     40.70
     7.500    6231.0  -0.123E+00     29.76     40.99
     7.800    6231.0  -0.121E+00     29.85     41.28
     8.100    6231.0  -0.888E-01     29.95     41.57
     8.400    6231.0  -0.581E-01     30.05     41.86
     8.700    6231.0  -0.318E-01     30.15     42.15
     9.000    6231.0  -0.413E-01     30.25     42.44
     9.300    6231.0  -0.603E-01     30.35     42.73
     9.600    6231.0  -0.337E-01     30.45     43.02
     9.900    6231.0  -0.356E-01     30.56     43.31
    10.200    6231.0  -0.916E-01     30.66     43.60
    10.500    6231.0   0.207E-02     30.77     43.89
    10.800    6231.0  -0.137E+00     30.87     44.18
    11.100    6231.0  -0.261E+00     30.98     44.47
    -0.000    6261.0   0.156E+00     27.57     33.69
     0.300    6261.0   0.162E+00     27.65     33.98
     0.600    6261.0   0.430E+00     27.73     34.28
     0.900    6261.0   0.748E+00     27.81     34.57
     1.200    6261.0   0.103E+01     27.89     34.86
     1.500    6261.0   0.117E+01     27.97     35.15
     1.800    6261.0   0.112E+01     28.06     35.45
     2.100    6261.0   0.912E+00     28.14     35.74
     2.400    6261.0   0.707E+00     28.22     36.03
     2.700    6261.0   0.337E+00     28.31     36.32
     3.000    6261.0  -0.790E-02     28.39     36.61
     3.300    6261.0  -0.186E+00     28.48     36.91
     3.600    6261.0  -0.367E+00     28.57     37.20
     3.900    6261.0  -0.520E+00     28.65     37.49
     4.200    6261.0  -0.486E+00     28.74     37.78
     4.500    6261.0  -0.189E+00     28.83     38.07
     4.800    6261.0   0.863E-01     28.92     38.37
     5.100    6261.0   0.266E+00     29.01     38.66
     5.400    6261.0   0.306E+00     29.10     38.95
     5.700    6261.0   0.353E+00     29.19     39.24
     6.000    6261.0   0.251E+00     29.28     39.53
     6.300    6261.0   0.280E-01     29.38     39.82
     6.600    6261.0  -0.103E+00     29.47     40.11
     6.900    6261.0  -0.203E+00     29.56     40.41
     7.200    6261.0  -0.209E+00     29.66     40.70
     7.500    6261.0  -0.123E+00     29.76     40.99
     7.800    6261.0  -0.121E+00     29.85     41.28
     8.100    6261.0  -0.888E-01     29.95     41.57
     8.400    6261.0  -0.581E-01     30.05     41.86
     8.700    6261.0  -0.318E-01     30.15     42.15
     9.000    6261.0  -0.413E-01     30.25     42.44
     9.300    6261.0  -0.603E-01     30.35     42.73
     9.600    6261.0  -0.337E-01     30.45     43.02
     9.900    6261.0  -0.356E-01     30.56     43.31
    10.200    6261.0  -0.916E-01     30.66     43.60
    10.500    6261.0   0.207E-02     30.77     43.89
    10.800    6261.0  -0.137E+00     30.87     44.18
    11.100    6261.0  -0.261E+00     30.98     44.47
    -0.000    6291.0  -0.360E+00     27.57     33.69
     0.300    6291.0  -0.185E+00     27.65     33.98
     0.600    6291.0   0.314E+00     27.73     34.28
     0.900    6291.0   0.101E+01     27.81     34.57
     1.200    6291.0   0.180E+01     27.89     34.86
     1.500    6291.0   0.219E+01     27.97     35.15
     1.800    6291.0   0.238E+01     28.06     35.45
     2.100    6291.0   0.232E+01     28.14     35.74
     2.400    6291.0   0.197E+01     28.22     36.03
     2.700    6291.0   0.137E+01     28.31     36.32
     3.000    6291.0   0.734E+00     28.39     36.61
     3.300    6291.0   0.195E+00     28.48     36.91
     3.600    6291.0  -0.150E+00     28.57     37.20
     3.900    6291.0  -0.297E+00     28.65     37.49
     4.200    6291.0  -0.250E+00     28.74     37.78
     4.500    6291.0   0.166E+00     28.83     38.07
     4.800    6291.0   0.688E+00     28.92     38.37
     5.100    6291.0   0.118E+01     29.01     38.66
     5.400    6291.0   0.134E+01     29.10     38.95
     5.700    6291.0   0.157E+01     29.19     39.24
     6.000    6291.0   0.163E+01     29.28     39.53
     6.300    6291.0   0.153E+01     29.38     39.82
     6.600    6291.0   0.147E+01     29.47     40.11
     6.900    6291.0   0.150E+01     29.56     40.41
     7.200    6291.0   0.147E+01     29.66     40.70
     7.500    6291.0   0.139E+01     29.76     40.99
     7.800    6291.0   0.136E+01     29.85     41.28
     8.100    6291.0   0.118E+01     29.95     41.57
     8.400    6291.0   0.904E+00     30.05     41.86
     8.700    6291.0   0.734E+00     30.15     42.15
     9.000    6291.0   0.464E+00     30.25     42.44
     9.300    6291.0   0.264E+00     30.35     42.73
     9.600    6291.0   0.196E+00     30.45     43.02
     9.900    6291.0   0.127E+00     30.56     43.31
    10.200    6291.0   0.408E-01     30.66     43.60
    10.500    6291.0   0.179E+00     30.77     43.89
    10.800    6291.0   0.107E+00     30.87     44.18
    11.100    6291.0   0.949E-01     30.98     44.47
    -0.000    6321.0  -0.360E+00     27.57     33.69
     0.300    6321.0  -0.185E+00     27.65     33.98
     0.600    6321.0   0.314E+00     27.73     34.28
     0.900    6321.0   0.101E+01     27.81     34.57
     1.200    6321.0   0.180E+01     27.89     34.86
     1.500    6321.0   0.219E+01     27.97     35.15
     1.800    6321.0   0.238E+01     28.06     35.45
     2.100    6321.0   0.232E+01     28.14     35.74
     2.400    6321.0   0.197E+01     28.22     36.03
     2.700    6321.0   0.137E+01     28.31     36.32
     3.000    6321.0   0.734E+00     28.39     36.61
     3.300    6321.0   0.195E+00     28.48     36.91
     3.600    6321.0  -0.150E+00     28.57     37.20
     3.900    6321.0  -0.297E+00     28.65     37.49
     4.200    6321.0  -0.250E+00     28.74     37.78
     4.500    6321.0   0.166E+00     28.83     38.07
     4.800    6321.0   0.688E+00     28.92     38.37
     5.100    6321.0   0.118E+01     29.01     38.66
     5.400    6321.0   0.134E+01     29.10     38.95
     5.700    6321.0   0.157E+01     29.19     39.24
     6.000    6321.0   0.163E+01     29.28     39.53
     6.300    6321.0   0.153E+01     29.38     39.82
     6.600    6321.0   0.147E+01     29.47     40.11
     6.900    6321.0   0.150E+01     29.56     40.41
     7.200    6321.0   0.147E+01     29.66     40.70
     7.500    6321.0   0.139E+01     29.76     40.99
     7.800    6321.0   0.136E+01     29.85     41.28
     8.100    6321.0   0.118E+01     29.95     41.57
     8.400    6321.0   0.904E+00     30.05     41.86
     8.700    6321.0   0.734E+00     30.15     42.15
     9.000    6321.0   0.464E+00     30.25     42.44
     9.300    6321.0   0.264E+00     30.35     42.73
     9.600    6321.0   0.196E+00     30.45     43.02
     9.900    6321.0   0.127E+00     30.56     43.31
    10.200    6321.0   0.408E-01     30.66     43.60
    10.500    6321.0   0.179E+00     30.77     43.89
    10.800    6321.0   0.107E+00     30.87     44.18
    11.100    6321.0   0.949E-01     30.98     44.47
    -0.000    6351.0  -0.495E+00     27.57     33.69
     0.300    6351.0  -0.292E+00     27.65     33.98
     0.600    6351.0   0.267E+00     27.73     34.28
     0.900    6351.0   0.101E+01     27.81     34.57
     1.200    6351.0   0.181E+01     27.89     34.86
     1.500    6351.0   0.239E+01     27.97     35.15
     1.800    6351.0   0.276E+01     28.06     35.45
     2.100    6351.0   0.279E+01     28.14     35.74
     2.400    6351.0   0.235E+01     28.22     36.03
     2.700    6351.0   0.167E+01     28.31     36.32
     3.000    6351.0   0.102E+01     28.39     36.61
     3.300    6351.0   0.382E+00     28.48     36.91
     3.600    6351.0  -0.836E-01     28.57     37.20
     3.900    6351.0  -0.252E+00     28.65     37.49
     4.200    6351.0  -0.185E+00     28.74     37.78
     4.500    6351.0   0.208E+00     28.83     38.07
     4.800    6351.0   0.760E+00     28.92     38.37
     5.100    6351.0   0.134E+01     29.01     38.66
     5.400    6351.0   0.159E+01     29.10     38.95
     5.700    6351.0   0.195E+01     29.19     39.24
     6.000    6351.0   0.212E+01     29.28     39.53
     6.300    6351.0   0.205E+01     29.38     39.82
     6.600    6351.0   0.205E+01     29.47     40.11
     6.900    6351.0   0.210E+01     29.56     40.41
     7.200    6351.0   0.202E+01     29.66     40.70
     7.500    6351.0   0.185E+01     29.76     40.99
     7.800    6351.0   0.173E+01     29.85     41.28
     8.100    6351.0   0.148E+01     29.95     41.57
     8.400    6351.0   0.116E+01     30.05     41.86
     8.700    6351.0   0.962E+00     30.15     42.15
     9.000    6351.0   0.617E+00     30.25     42.44
     9.300    6351.0   0.351E+00     30.35     42.73
     9.600    6351.0   0.221E+00     30.45     43.02
     9.900    6351.0   0.897E-01     30.56     43.31
    10.200    6351.0  -0.512E-01     30.66     43.60
    10.500    6351.0   0.918E-01     30.77     43.89
    10.800    6351.0   0.561E-01     30.87     44.18
    11.100    6351.0   0.109E+00     30.98     44.47
