solx.02.dlnVp.invSAo   23.75   27.16   35.07   45.86
    -0.000    5001.0   0.123E+01     23.75     34.89
     0.300    5001.0   0.127E+01     23.83     35.18
     0.600    5001.0   0.130E+01     23.91     35.47
     0.900    5001.0   0.132E+01     23.99     35.77
     1.200    5001.0   0.145E+01     24.07     36.06
     1.500    5001.0   0.145E+01     24.15     36.35
     1.800    5001.0   0.146E+01     24.23     36.64
     2.100    5001.0   0.136E+01     24.32     36.94
     2.400    5001.0   0.126E+01     24.40     37.23
     2.700    5001.0   0.120E+01     24.49     37.52
     3.000    5001.0   0.126E+01     24.57     37.81
     3.300    5001.0   0.137E+01     24.66     38.11
     3.600    5001.0   0.151E+01     24.74     38.40
     3.900    5001.0   0.151E+01     24.83     38.69
     4.200    5001.0   0.142E+01     24.92     38.98
     4.500    5001.0   0.120E+01     25.01     39.28
     4.800    5001.0   0.849E+00     25.09     39.57
     5.100    5001.0   0.468E+00     25.18     39.86
     5.400    5001.0   0.218E+00     25.28     40.15
     5.700    5001.0   0.624E-01     25.37     40.44
     6.000    5001.0   0.867E-01     25.46     40.73
     6.300    5001.0   0.309E+00     25.55     41.03
     6.600    5001.0   0.619E+00     25.65     41.32
     6.900    5001.0   0.854E+00     25.74     41.61
     7.200    5001.0   0.116E+01     25.84     41.90
     7.500    5001.0   0.137E+01     25.93     42.19
     7.800    5001.0   0.139E+01     26.03     42.48
     8.100    5001.0   0.141E+01     26.13     42.77
     8.400    5001.0   0.123E+01     26.23     43.07
     8.700    5001.0   0.101E+01     26.33     43.36
     9.000    5001.0   0.800E+00     26.43     43.65
     9.300    5001.0   0.549E+00     26.53     43.94
     9.600    5001.0   0.331E+00     26.63     44.23
     9.900    5001.0   0.111E+00     26.74     44.52
    10.200    5001.0  -0.648E-01     26.84     44.81
    10.500    5001.0  -0.208E+00     26.95     45.10
    10.800    5001.0  -0.373E+00     27.06     45.39
    11.100    5001.0  -0.592E+00     27.17     45.68
    -0.000    5031.0   0.142E+01     23.75     34.89
     0.300    5031.0   0.151E+01     23.83     35.18
     0.600    5031.0   0.157E+01     23.91     35.47
     0.900    5031.0   0.159E+01     23.99     35.77
     1.200    5031.0   0.161E+01     24.07     36.06
     1.500    5031.0   0.149E+01     24.15     36.35
     1.800    5031.0   0.135E+01     24.23     36.64
     2.100    5031.0   0.111E+01     24.32     36.94
     2.400    5031.0   0.920E+00     24.40     37.23
     2.700    5031.0   0.810E+00     24.49     37.52
     3.000    5031.0   0.901E+00     24.57     37.81
     3.300    5031.0   0.111E+01     24.66     38.11
     3.600    5031.0   0.139E+01     24.74     38.40
     3.900    5031.0   0.154E+01     24.83     38.69
     4.200    5031.0   0.161E+01     24.92     38.98
     4.500    5031.0   0.149E+01     25.01     39.28
     4.800    5031.0   0.116E+01     25.09     39.57
     5.100    5031.0   0.743E+00     25.18     39.86
     5.400    5031.0   0.353E+00     25.28     40.15
     5.700    5031.0   0.109E-01     25.37     40.44
     6.000    5031.0  -0.134E+00     25.46     40.73
     6.300    5031.0  -0.107E+00     25.55     41.03
     6.600    5031.0   0.497E-01     25.65     41.32
     6.900    5031.0   0.332E+00     25.74     41.61
     7.200    5031.0   0.653E+00     25.84     41.90
     7.500    5031.0   0.957E+00     25.93     42.19
     7.800    5031.0   0.120E+01     26.03     42.48
     8.100    5031.0   0.142E+01     26.13     42.77
     8.400    5031.0   0.144E+01     26.23     43.07
     8.700    5031.0   0.137E+01     26.33     43.36
     9.000    5031.0   0.127E+01     26.43     43.65
     9.300    5031.0   0.107E+01     26.53     43.94
     9.600    5031.0   0.887E+00     26.63     44.23
     9.900    5031.0   0.680E+00     26.74     44.52
    10.200    5031.0   0.531E+00     26.84     44.81
    10.500    5031.0   0.436E+00     26.95     45.10
    10.800    5031.0   0.310E+00     27.06     45.39
    11.100    5031.0   0.125E+00     27.17     45.68
    -0.000    5061.0   0.142E+01     23.75     34.89
     0.300    5061.0   0.151E+01     23.83     35.18
     0.600    5061.0   0.157E+01     23.91     35.47
     0.900    5061.0   0.159E+01     23.99     35.77
     1.200    5061.0   0.161E+01     24.07     36.06
     1.500    5061.0   0.149E+01     24.15     36.35
     1.800    5061.0   0.135E+01     24.23     36.64
     2.100    5061.0   0.111E+01     24.32     36.94
     2.400    5061.0   0.920E+00     24.40     37.23
     2.700    5061.0   0.810E+00     24.49     37.52
     3.000    5061.0   0.901E+00     24.57     37.81
     3.300    5061.0   0.111E+01     24.66     38.11
     3.600    5061.0   0.139E+01     24.74     38.40
     3.900    5061.0   0.154E+01     24.83     38.69
     4.200    5061.0   0.161E+01     24.92     38.98
     4.500    5061.0   0.149E+01     25.01     39.28
     4.800    5061.0   0.116E+01     25.09     39.57
     5.100    5061.0   0.743E+00     25.18     39.86
     5.400    5061.0   0.353E+00     25.28     40.15
     5.700    5061.0   0.109E-01     25.37     40.44
     6.000    5061.0  -0.134E+00     25.46     40.73
     6.300    5061.0  -0.107E+00     25.55     41.03
     6.600    5061.0   0.497E-01     25.65     41.32
     6.900    5061.0   0.332E+00     25.74     41.61
     7.200    5061.0   0.653E+00     25.84     41.90
     7.500    5061.0   0.957E+00     25.93     42.19
     7.800    5061.0   0.120E+01     26.03     42.48
     8.100    5061.0   0.142E+01     26.13     42.77
     8.400    5061.0   0.144E+01     26.23     43.07
     8.700    5061.0   0.137E+01     26.33     43.36
     9.000    5061.0   0.127E+01     26.43     43.65
     9.300    5061.0   0.107E+01     26.53     43.94
     9.600    5061.0   0.887E+00     26.63     44.23
     9.900    5061.0   0.680E+00     26.74     44.52
    10.200    5061.0   0.531E+00     26.84     44.81
    10.500    5061.0   0.436E+00     26.95     45.10
    10.800    5061.0   0.310E+00     27.06     45.39
    11.100    5061.0   0.125E+00     27.17     45.68
    -0.000    5091.0   0.142E+01     23.75     34.89
     0.300    5091.0   0.151E+01     23.83     35.18
     0.600    5091.0   0.157E+01     23.91     35.47
     0.900    5091.0   0.159E+01     23.99     35.77
     1.200    5091.0   0.161E+01     24.07     36.06
     1.500    5091.0   0.149E+01     24.15     36.35
     1.800    5091.0   0.135E+01     24.23     36.64
     2.100    5091.0   0.111E+01     24.32     36.94
     2.400    5091.0   0.920E+00     24.40     37.23
     2.700    5091.0   0.810E+00     24.49     37.52
     3.000    5091.0   0.901E+00     24.57     37.81
     3.300    5091.0   0.111E+01     24.66     38.11
     3.600    5091.0   0.139E+01     24.74     38.40
     3.900    5091.0   0.154E+01     24.83     38.69
     4.200    5091.0   0.161E+01     24.92     38.98
     4.500    5091.0   0.149E+01     25.01     39.28
     4.800    5091.0   0.116E+01     25.09     39.57
     5.100    5091.0   0.743E+00     25.18     39.86
     5.400    5091.0   0.353E+00     25.28     40.15
     5.700    5091.0   0.109E-01     25.37     40.44
     6.000    5091.0  -0.134E+00     25.46     40.73
     6.300    5091.0  -0.107E+00     25.55     41.03
     6.600    5091.0   0.497E-01     25.65     41.32
     6.900    5091.0   0.332E+00     25.74     41.61
     7.200    5091.0   0.653E+00     25.84     41.90
     7.500    5091.0   0.957E+00     25.93     42.19
     7.800    5091.0   0.120E+01     26.03     42.48
     8.100    5091.0   0.142E+01     26.13     42.77
     8.400    5091.0   0.144E+01     26.23     43.07
     8.700    5091.0   0.137E+01     26.33     43.36
     9.000    5091.0   0.127E+01     26.43     43.65
     9.300    5091.0   0.107E+01     26.53     43.94
     9.600    5091.0   0.887E+00     26.63     44.23
     9.900    5091.0   0.680E+00     26.74     44.52
    10.200    5091.0   0.531E+00     26.84     44.81
    10.500    5091.0   0.436E+00     26.95     45.10
    10.800    5091.0   0.310E+00     27.06     45.39
    11.100    5091.0   0.125E+00     27.17     45.68
    -0.000    5121.0   0.154E+01     23.75     34.89
     0.300    5121.0   0.165E+01     23.83     35.18
     0.600    5121.0   0.173E+01     23.91     35.47
     0.900    5121.0   0.177E+01     23.99     35.77
     1.200    5121.0   0.167E+01     24.07     36.06
     1.500    5121.0   0.146E+01     24.15     36.35
     1.800    5121.0   0.123E+01     24.23     36.64
     2.100    5121.0   0.863E+00     24.32     36.94
     2.400    5121.0   0.545E+00     24.40     37.23
     2.700    5121.0   0.329E+00     24.49     37.52
     3.000    5121.0   0.350E+00     24.57     37.81
     3.300    5121.0   0.529E+00     24.66     38.11
     3.600    5121.0   0.792E+00     24.74     38.40
     3.900    5121.0   0.997E+00     24.83     38.69
     4.200    5121.0   0.118E+01     24.92     38.98
     4.500    5121.0   0.121E+01     25.01     39.28
     4.800    5121.0   0.104E+01     25.09     39.57
     5.100    5121.0   0.758E+00     25.18     39.86
     5.400    5121.0   0.450E+00     25.28     40.15
     5.700    5121.0   0.150E+00     25.37     40.44
     6.000    5121.0  -0.374E-01     25.46     40.73
     6.300    5121.0  -0.726E-01     25.55     41.03
     6.600    5121.0   0.402E-02     25.65     41.32
     6.900    5121.0   0.203E+00     25.74     41.61
     7.200    5121.0   0.526E+00     25.84     41.90
     7.500    5121.0   0.879E+00     25.93     42.19
     7.800    5121.0   0.121E+01     26.03     42.48
     8.100    5121.0   0.158E+01     26.13     42.77
     8.400    5121.0   0.167E+01     26.23     43.07
     8.700    5121.0   0.169E+01     26.33     43.36
     9.000    5121.0   0.167E+01     26.43     43.65
     9.300    5121.0   0.141E+01     26.53     43.94
     9.600    5121.0   0.123E+01     26.63     44.23
     9.900    5121.0   0.104E+01     26.74     44.52
    10.200    5121.0   0.889E+00     26.84     44.81
    10.500    5121.0   0.829E+00     26.95     45.10
    10.800    5121.0   0.747E+00     27.06     45.39
    11.100    5121.0   0.599E+00     27.17     45.68
    -0.000    5151.0   0.154E+01     23.75     34.89
     0.300    5151.0   0.165E+01     23.83     35.18
     0.600    5151.0   0.173E+01     23.91     35.47
     0.900    5151.0   0.177E+01     23.99     35.77
     1.200    5151.0   0.167E+01     24.07     36.06
     1.500    5151.0   0.146E+01     24.15     36.35
     1.800    5151.0   0.123E+01     24.23     36.64
     2.100    5151.0   0.863E+00     24.32     36.94
     2.400    5151.0   0.545E+00     24.40     37.23
     2.700    5151.0   0.329E+00     24.49     37.52
     3.000    5151.0   0.350E+00     24.57     37.81
     3.300    5151.0   0.529E+00     24.66     38.11
     3.600    5151.0   0.792E+00     24.74     38.40
     3.900    5151.0   0.997E+00     24.83     38.69
     4.200    5151.0   0.118E+01     24.92     38.98
     4.500    5151.0   0.121E+01     25.01     39.28
     4.800    5151.0   0.104E+01     25.09     39.57
     5.100    5151.0   0.758E+00     25.18     39.86
     5.400    5151.0   0.450E+00     25.28     40.15
     5.700    5151.0   0.150E+00     25.37     40.44
     6.000    5151.0  -0.374E-01     25.46     40.73
     6.300    5151.0  -0.726E-01     25.55     41.03
     6.600    5151.0   0.402E-02     25.65     41.32
     6.900    5151.0   0.203E+00     25.74     41.61
     7.200    5151.0   0.526E+00     25.84     41.90
     7.500    5151.0   0.879E+00     25.93     42.19
     7.800    5151.0   0.121E+01     26.03     42.48
     8.100    5151.0   0.158E+01     26.13     42.77
     8.400    5151.0   0.167E+01     26.23     43.07
     8.700    5151.0   0.169E+01     26.33     43.36
     9.000    5151.0   0.167E+01     26.43     43.65
     9.300    5151.0   0.141E+01     26.53     43.94
     9.600    5151.0   0.123E+01     26.63     44.23
     9.900    5151.0   0.104E+01     26.74     44.52
    10.200    5151.0   0.889E+00     26.84     44.81
    10.500    5151.0   0.829E+00     26.95     45.10
    10.800    5151.0   0.747E+00     27.06     45.39
    11.100    5151.0   0.599E+00     27.17     45.68
    -0.000    5181.0   0.154E+01     23.75     34.89
     0.300    5181.0   0.165E+01     23.83     35.18
     0.600    5181.0   0.173E+01     23.91     35.47
     0.900    5181.0   0.177E+01     23.99     35.77
     1.200    5181.0   0.167E+01     24.07     36.06
     1.500    5181.0   0.146E+01     24.15     36.35
     1.800    5181.0   0.123E+01     24.23     36.64
     2.100    5181.0   0.863E+00     24.32     36.94
     2.400    5181.0   0.545E+00     24.40     37.23
     2.700    5181.0   0.329E+00     24.49     37.52
     3.000    5181.0   0.350E+00     24.57     37.81
     3.300    5181.0   0.529E+00     24.66     38.11
     3.600    5181.0   0.792E+00     24.74     38.40
     3.900    5181.0   0.997E+00     24.83     38.69
     4.200    5181.0   0.118E+01     24.92     38.98
     4.500    5181.0   0.121E+01     25.01     39.28
     4.800    5181.0   0.104E+01     25.09     39.57
     5.100    5181.0   0.758E+00     25.18     39.86
     5.400    5181.0   0.450E+00     25.28     40.15
     5.700    5181.0   0.150E+00     25.37     40.44
     6.000    5181.0  -0.374E-01     25.46     40.73
     6.300    5181.0  -0.726E-01     25.55     41.03
     6.600    5181.0   0.402E-02     25.65     41.32
     6.900    5181.0   0.203E+00     25.74     41.61
     7.200    5181.0   0.526E+00     25.84     41.90
     7.500    5181.0   0.879E+00     25.93     42.19
     7.800    5181.0   0.121E+01     26.03     42.48
     8.100    5181.0   0.158E+01     26.13     42.77
     8.400    5181.0   0.167E+01     26.23     43.07
     8.700    5181.0   0.169E+01     26.33     43.36
     9.000    5181.0   0.167E+01     26.43     43.65
     9.300    5181.0   0.141E+01     26.53     43.94
     9.600    5181.0   0.123E+01     26.63     44.23
     9.900    5181.0   0.104E+01     26.74     44.52
    10.200    5181.0   0.889E+00     26.84     44.81
    10.500    5181.0   0.829E+00     26.95     45.10
    10.800    5181.0   0.747E+00     27.06     45.39
    11.100    5181.0   0.599E+00     27.17     45.68
    -0.000    5211.0   0.174E+01     23.75     34.89
     0.300    5211.0   0.191E+01     23.83     35.18
     0.600    5211.0   0.207E+01     23.91     35.47
     0.900    5211.0   0.223E+01     23.99     35.77
     1.200    5211.0   0.215E+01     24.07     36.06
     1.500    5211.0   0.191E+01     24.15     36.35
     1.800    5211.0   0.165E+01     24.23     36.64
     2.100    5211.0   0.118E+01     24.32     36.94
     2.400    5211.0   0.680E+00     24.40     37.23
     2.700    5211.0   0.244E+00     24.49     37.52
     3.000    5211.0   0.242E-01     24.57     37.81
     3.300    5211.0  -0.819E-02     24.66     38.11
     3.600    5211.0   0.729E-01     24.74     38.40
     3.900    5211.0   0.203E+00     24.83     38.69
     4.200    5211.0   0.380E+00     24.92     38.98
     4.500    5211.0   0.512E+00     25.01     39.28
     4.800    5211.0   0.555E+00     25.09     39.57
     5.100    5211.0   0.559E+00     25.18     39.86
     5.400    5211.0   0.543E+00     25.28     40.15
     5.700    5211.0   0.487E+00     25.37     40.44
     6.000    5211.0   0.449E+00     25.46     40.73
     6.300    5211.0   0.445E+00     25.55     41.03
     6.600    5211.0   0.487E+00     25.65     41.32
     6.900    5211.0   0.669E+00     25.74     41.61
     7.200    5211.0   0.871E+00     25.84     41.90
     7.500    5211.0   0.113E+01     25.93     42.19
     7.800    5211.0   0.142E+01     26.03     42.48
     8.100    5211.0   0.170E+01     26.13     42.77
     8.400    5211.0   0.170E+01     26.23     43.07
     8.700    5211.0   0.166E+01     26.33     43.36
     9.000    5211.0   0.158E+01     26.43     43.65
     9.300    5211.0   0.129E+01     26.53     43.94
     9.600    5211.0   0.107E+01     26.63     44.23
     9.900    5211.0   0.929E+00     26.74     44.52
    10.200    5211.0   0.810E+00     26.84     44.81
    10.500    5211.0   0.739E+00     26.95     45.10
    10.800    5211.0   0.704E+00     27.06     45.39
    11.100    5211.0   0.684E+00     27.17     45.68
    -0.000    5241.0   0.174E+01     23.75     34.89
     0.300    5241.0   0.191E+01     23.83     35.18
     0.600    5241.0   0.207E+01     23.91     35.47
     0.900    5241.0   0.223E+01     23.99     35.77
     1.200    5241.0   0.215E+01     24.07     36.06
     1.500    5241.0   0.191E+01     24.15     36.35
     1.800    5241.0   0.165E+01     24.23     36.64
     2.100    5241.0   0.118E+01     24.32     36.94
     2.400    5241.0   0.680E+00     24.40     37.23
     2.700    5241.0   0.244E+00     24.49     37.52
     3.000    5241.0   0.242E-01     24.57     37.81
     3.300    5241.0  -0.819E-02     24.66     38.11
     3.600    5241.0   0.729E-01     24.74     38.40
     3.900    5241.0   0.203E+00     24.83     38.69
     4.200    5241.0   0.380E+00     24.92     38.98
     4.500    5241.0   0.512E+00     25.01     39.28
     4.800    5241.0   0.555E+00     25.09     39.57
     5.100    5241.0   0.559E+00     25.18     39.86
     5.400    5241.0   0.543E+00     25.28     40.15
     5.700    5241.0   0.487E+00     25.37     40.44
     6.000    5241.0   0.449E+00     25.46     40.73
     6.300    5241.0   0.445E+00     25.55     41.03
     6.600    5241.0   0.487E+00     25.65     41.32
     6.900    5241.0   0.669E+00     25.74     41.61
     7.200    5241.0   0.871E+00     25.84     41.90
     7.500    5241.0   0.113E+01     25.93     42.19
     7.800    5241.0   0.142E+01     26.03     42.48
     8.100    5241.0   0.170E+01     26.13     42.77
     8.400    5241.0   0.170E+01     26.23     43.07
     8.700    5241.0   0.166E+01     26.33     43.36
     9.000    5241.0   0.158E+01     26.43     43.65
     9.300    5241.0   0.129E+01     26.53     43.94
     9.600    5241.0   0.107E+01     26.63     44.23
     9.900    5241.0   0.929E+00     26.74     44.52
    10.200    5241.0   0.810E+00     26.84     44.81
    10.500    5241.0   0.739E+00     26.95     45.10
    10.800    5241.0   0.704E+00     27.06     45.39
    11.100    5241.0   0.684E+00     27.17     45.68
    -0.000    5271.0   0.174E+01     23.75     34.89
     0.300    5271.0   0.191E+01     23.83     35.18
     0.600    5271.0   0.207E+01     23.91     35.47
     0.900    5271.0   0.223E+01     23.99     35.77
     1.200    5271.0   0.215E+01     24.07     36.06
     1.500    5271.0   0.191E+01     24.15     36.35
     1.800    5271.0   0.165E+01     24.23     36.64
     2.100    5271.0   0.118E+01     24.32     36.94
     2.400    5271.0   0.680E+00     24.40     37.23
     2.700    5271.0   0.244E+00     24.49     37.52
     3.000    5271.0   0.242E-01     24.57     37.81
     3.300    5271.0  -0.819E-02     24.66     38.11
     3.600    5271.0   0.729E-01     24.74     38.40
     3.900    5271.0   0.203E+00     24.83     38.69
     4.200    5271.0   0.380E+00     24.92     38.98
     4.500    5271.0   0.512E+00     25.01     39.28
     4.800    5271.0   0.555E+00     25.09     39.57
     5.100    5271.0   0.559E+00     25.18     39.86
     5.400    5271.0   0.543E+00     25.28     40.15
     5.700    5271.0   0.487E+00     25.37     40.44
     6.000    5271.0   0.449E+00     25.46     40.73
     6.300    5271.0   0.445E+00     25.55     41.03
     6.600    5271.0   0.487E+00     25.65     41.32
     6.900    5271.0   0.669E+00     25.74     41.61
     7.200    5271.0   0.871E+00     25.84     41.90
     7.500    5271.0   0.113E+01     25.93     42.19
     7.800    5271.0   0.142E+01     26.03     42.48
     8.100    5271.0   0.170E+01     26.13     42.77
     8.400    5271.0   0.170E+01     26.23     43.07
     8.700    5271.0   0.166E+01     26.33     43.36
     9.000    5271.0   0.158E+01     26.43     43.65
     9.300    5271.0   0.129E+01     26.53     43.94
     9.600    5271.0   0.107E+01     26.63     44.23
     9.900    5271.0   0.929E+00     26.74     44.52
    10.200    5271.0   0.810E+00     26.84     44.81
    10.500    5271.0   0.739E+00     26.95     45.10
    10.800    5271.0   0.704E+00     27.06     45.39
    11.100    5271.0   0.684E+00     27.17     45.68
    -0.000    5301.0   0.165E+01     23.75     34.89
     0.300    5301.0   0.187E+01     23.83     35.18
     0.600    5301.0   0.213E+01     23.91     35.47
     0.900    5301.0   0.243E+01     23.99     35.77
     1.200    5301.0   0.244E+01     24.07     36.06
     1.500    5301.0   0.227E+01     24.15     36.35
     1.800    5301.0   0.207E+01     24.23     36.64
     2.100    5301.0   0.157E+01     24.32     36.94
     2.400    5301.0   0.977E+00     24.40     37.23
     2.700    5301.0   0.450E+00     24.49     37.52
     3.000    5301.0   0.372E-01     24.57     37.81
     3.300    5301.0  -0.203E+00     24.66     38.11
     3.600    5301.0  -0.313E+00     24.74     38.40
     3.900    5301.0  -0.347E+00     24.83     38.69
     4.200    5301.0  -0.273E+00     24.92     38.98
     4.500    5301.0  -0.101E+00     25.01     39.28
     4.800    5301.0   0.977E-01     25.09     39.57
     5.100    5301.0   0.327E+00     25.18     39.86
     5.400    5301.0   0.564E+00     25.28     40.15
     5.700    5301.0   0.744E+00     25.37     40.44
     6.000    5301.0   0.911E+00     25.46     40.73
     6.300    5301.0   0.105E+01     25.55     41.03
     6.600    5301.0   0.111E+01     25.65     41.32
     6.900    5301.0   0.121E+01     25.74     41.61
     7.200    5301.0   0.136E+01     25.84     41.90
     7.500    5301.0   0.147E+01     25.93     42.19
     7.800    5301.0   0.152E+01     26.03     42.48
     8.100    5301.0   0.160E+01     26.13     42.77
     8.400    5301.0   0.146E+01     26.23     43.07
     8.700    5301.0   0.129E+01     26.33     43.36
     9.000    5301.0   0.117E+01     26.43     43.65
     9.300    5301.0   0.942E+00     26.53     43.94
     9.600    5301.0   0.737E+00     26.63     44.23
     9.900    5301.0   0.669E+00     26.74     44.52
    10.200    5301.0   0.621E+00     26.84     44.81
    10.500    5301.0   0.570E+00     26.95     45.10
    10.800    5301.0   0.522E+00     27.06     45.39
    11.100    5301.0   0.500E+00     27.17     45.68
    -0.000    5331.0   0.165E+01     23.75     34.89
     0.300    5331.0   0.187E+01     23.83     35.18
     0.600    5331.0   0.213E+01     23.91     35.47
     0.900    5331.0   0.243E+01     23.99     35.77
     1.200    5331.0   0.244E+01     24.07     36.06
     1.500    5331.0   0.227E+01     24.15     36.35
     1.800    5331.0   0.207E+01     24.23     36.64
     2.100    5331.0   0.157E+01     24.32     36.94
     2.400    5331.0   0.977E+00     24.40     37.23
     2.700    5331.0   0.450E+00     24.49     37.52
     3.000    5331.0   0.372E-01     24.57     37.81
     3.300    5331.0  -0.203E+00     24.66     38.11
     3.600    5331.0  -0.313E+00     24.74     38.40
     3.900    5331.0  -0.347E+00     24.83     38.69
     4.200    5331.0  -0.273E+00     24.92     38.98
     4.500    5331.0  -0.101E+00     25.01     39.28
     4.800    5331.0   0.977E-01     25.09     39.57
     5.100    5331.0   0.327E+00     25.18     39.86
     5.400    5331.0   0.564E+00     25.28     40.15
     5.700    5331.0   0.744E+00     25.37     40.44
     6.000    5331.0   0.911E+00     25.46     40.73
     6.300    5331.0   0.105E+01     25.55     41.03
     6.600    5331.0   0.111E+01     25.65     41.32
     6.900    5331.0   0.121E+01     25.74     41.61
     7.200    5331.0   0.136E+01     25.84     41.90
     7.500    5331.0   0.147E+01     25.93     42.19
     7.800    5331.0   0.152E+01     26.03     42.48
     8.100    5331.0   0.160E+01     26.13     42.77
     8.400    5331.0   0.146E+01     26.23     43.07
     8.700    5331.0   0.129E+01     26.33     43.36
     9.000    5331.0   0.117E+01     26.43     43.65
     9.300    5331.0   0.942E+00     26.53     43.94
     9.600    5331.0   0.737E+00     26.63     44.23
     9.900    5331.0   0.669E+00     26.74     44.52
    10.200    5331.0   0.621E+00     26.84     44.81
    10.500    5331.0   0.570E+00     26.95     45.10
    10.800    5331.0   0.522E+00     27.06     45.39
    11.100    5331.0   0.500E+00     27.17     45.68
    -0.000    5361.0   0.165E+01     23.75     34.89
     0.300    5361.0   0.187E+01     23.83     35.18
     0.600    5361.0   0.213E+01     23.91     35.47
     0.900    5361.0   0.243E+01     23.99     35.77
     1.200    5361.0   0.244E+01     24.07     36.06
     1.500    5361.0   0.227E+01     24.15     36.35
     1.800    5361.0   0.207E+01     24.23     36.64
     2.100    5361.0   0.157E+01     24.32     36.94
     2.400    5361.0   0.977E+00     24.40     37.23
     2.700    5361.0   0.450E+00     24.49     37.52
     3.000    5361.0   0.372E-01     24.57     37.81
     3.300    5361.0  -0.203E+00     24.66     38.11
     3.600    5361.0  -0.313E+00     24.74     38.40
     3.900    5361.0  -0.347E+00     24.83     38.69
     4.200    5361.0  -0.273E+00     24.92     38.98
     4.500    5361.0  -0.101E+00     25.01     39.28
     4.800    5361.0   0.977E-01     25.09     39.57
     5.100    5361.0   0.327E+00     25.18     39.86
     5.400    5361.0   0.564E+00     25.28     40.15
     5.700    5361.0   0.744E+00     25.37     40.44
     6.000    5361.0   0.911E+00     25.46     40.73
     6.300    5361.0   0.105E+01     25.55     41.03
     6.600    5361.0   0.111E+01     25.65     41.32
     6.900    5361.0   0.121E+01     25.74     41.61
     7.200    5361.0   0.136E+01     25.84     41.90
     7.500    5361.0   0.147E+01     25.93     42.19
     7.800    5361.0   0.152E+01     26.03     42.48
     8.100    5361.0   0.160E+01     26.13     42.77
     8.400    5361.0   0.146E+01     26.23     43.07
     8.700    5361.0   0.129E+01     26.33     43.36
     9.000    5361.0   0.117E+01     26.43     43.65
     9.300    5361.0   0.942E+00     26.53     43.94
     9.600    5361.0   0.737E+00     26.63     44.23
     9.900    5361.0   0.669E+00     26.74     44.52
    10.200    5361.0   0.621E+00     26.84     44.81
    10.500    5361.0   0.570E+00     26.95     45.10
    10.800    5361.0   0.522E+00     27.06     45.39
    11.100    5361.0   0.500E+00     27.17     45.68
    -0.000    5391.0   0.875E+00     23.75     34.89
     0.300    5391.0   0.114E+01     23.83     35.18
     0.600    5391.0   0.144E+01     23.91     35.47
     0.900    5391.0   0.172E+01     23.99     35.77
     1.200    5391.0   0.176E+01     24.07     36.06
     1.500    5391.0   0.167E+01     24.15     36.35
     1.800    5391.0   0.153E+01     24.23     36.64
     2.100    5391.0   0.115E+01     24.32     36.94
     2.400    5391.0   0.679E+00     24.40     37.23
     2.700    5391.0   0.168E+00     24.49     37.52
     3.000    5391.0  -0.138E+00     24.57     37.81
     3.300    5391.0  -0.344E+00     24.66     38.11
     3.600    5391.0  -0.530E+00     24.74     38.40
     3.900    5391.0  -0.540E+00     24.83     38.69
     4.200    5391.0  -0.478E+00     24.92     38.98
     4.500    5391.0  -0.344E+00     25.01     39.28
     4.800    5391.0  -0.121E+00     25.09     39.57
     5.100    5391.0   0.143E+00     25.18     39.86
     5.400    5391.0   0.447E+00     25.28     40.15
     5.700    5391.0   0.688E+00     25.37     40.44
     6.000    5391.0   0.827E+00     25.46     40.73
     6.300    5391.0   0.983E+00     25.55     41.03
     6.600    5391.0   0.111E+01     25.65     41.32
     6.900    5391.0   0.115E+01     25.74     41.61
     7.200    5391.0   0.118E+01     25.84     41.90
     7.500    5391.0   0.120E+01     25.93     42.19
     7.800    5391.0   0.114E+01     26.03     42.48
     8.100    5391.0   0.105E+01     26.13     42.77
     8.400    5391.0   0.904E+00     26.23     43.07
     8.700    5391.0   0.774E+00     26.33     43.36
     9.000    5391.0   0.666E+00     26.43     43.65
     9.300    5391.0   0.550E+00     26.53     43.94
     9.600    5391.0   0.489E+00     26.63     44.23
     9.900    5391.0   0.510E+00     26.74     44.52
    10.200    5391.0   0.455E+00     26.84     44.81
    10.500    5391.0   0.400E+00     26.95     45.10
    10.800    5391.0   0.347E+00     27.06     45.39
    11.100    5391.0   0.212E+00     27.17     45.68
    -0.000    5421.0   0.875E+00     23.75     34.89
     0.300    5421.0   0.114E+01     23.83     35.18
     0.600    5421.0   0.144E+01     23.91     35.47
     0.900    5421.0   0.172E+01     23.99     35.77
     1.200    5421.0   0.176E+01     24.07     36.06
     1.500    5421.0   0.167E+01     24.15     36.35
     1.800    5421.0   0.153E+01     24.23     36.64
     2.100    5421.0   0.115E+01     24.32     36.94
     2.400    5421.0   0.679E+00     24.40     37.23
     2.700    5421.0   0.168E+00     24.49     37.52
     3.000    5421.0  -0.138E+00     24.57     37.81
     3.300    5421.0  -0.344E+00     24.66     38.11
     3.600    5421.0  -0.530E+00     24.74     38.40
     3.900    5421.0  -0.540E+00     24.83     38.69
     4.200    5421.0  -0.478E+00     24.92     38.98
     4.500    5421.0  -0.344E+00     25.01     39.28
     4.800    5421.0  -0.121E+00     25.09     39.57
     5.100    5421.0   0.143E+00     25.18     39.86
     5.400    5421.0   0.447E+00     25.28     40.15
     5.700    5421.0   0.688E+00     25.37     40.44
     6.000    5421.0   0.827E+00     25.46     40.73
     6.300    5421.0   0.983E+00     25.55     41.03
     6.600    5421.0   0.111E+01     25.65     41.32
     6.900    5421.0   0.115E+01     25.74     41.61
     7.200    5421.0   0.118E+01     25.84     41.90
     7.500    5421.0   0.120E+01     25.93     42.19
     7.800    5421.0   0.114E+01     26.03     42.48
     8.100    5421.0   0.105E+01     26.13     42.77
     8.400    5421.0   0.904E+00     26.23     43.07
     8.700    5421.0   0.774E+00     26.33     43.36
     9.000    5421.0   0.666E+00     26.43     43.65
     9.300    5421.0   0.550E+00     26.53     43.94
     9.600    5421.0   0.489E+00     26.63     44.23
     9.900    5421.0   0.510E+00     26.74     44.52
    10.200    5421.0   0.455E+00     26.84     44.81
    10.500    5421.0   0.400E+00     26.95     45.10
    10.800    5421.0   0.347E+00     27.06     45.39
    11.100    5421.0   0.212E+00     27.17     45.68
    -0.000    5451.0   0.875E+00     23.75     34.89
     0.300    5451.0   0.114E+01     23.83     35.18
     0.600    5451.0   0.144E+01     23.91     35.47
     0.900    5451.0   0.172E+01     23.99     35.77
     1.200    5451.0   0.176E+01     24.07     36.06
     1.500    5451.0   0.167E+01     24.15     36.35
     1.800    5451.0   0.153E+01     24.23     36.64
     2.100    5451.0   0.115E+01     24.32     36.94
     2.400    5451.0   0.679E+00     24.40     37.23
     2.700    5451.0   0.168E+00     24.49     37.52
     3.000    5451.0  -0.138E+00     24.57     37.81
     3.300    5451.0  -0.344E+00     24.66     38.11
     3.600    5451.0  -0.530E+00     24.74     38.40
     3.900    5451.0  -0.540E+00     24.83     38.69
     4.200    5451.0  -0.478E+00     24.92     38.98
     4.500    5451.0  -0.344E+00     25.01     39.28
     4.800    5451.0  -0.121E+00     25.09     39.57
     5.100    5451.0   0.143E+00     25.18     39.86
     5.400    5451.0   0.447E+00     25.28     40.15
     5.700    5451.0   0.688E+00     25.37     40.44
     6.000    5451.0   0.827E+00     25.46     40.73
     6.300    5451.0   0.983E+00     25.55     41.03
     6.600    5451.0   0.111E+01     25.65     41.32
     6.900    5451.0   0.115E+01     25.74     41.61
     7.200    5451.0   0.118E+01     25.84     41.90
     7.500    5451.0   0.120E+01     25.93     42.19
     7.800    5451.0   0.114E+01     26.03     42.48
     8.100    5451.0   0.105E+01     26.13     42.77
     8.400    5451.0   0.904E+00     26.23     43.07
     8.700    5451.0   0.774E+00     26.33     43.36
     9.000    5451.0   0.666E+00     26.43     43.65
     9.300    5451.0   0.550E+00     26.53     43.94
     9.600    5451.0   0.489E+00     26.63     44.23
     9.900    5451.0   0.510E+00     26.74     44.52
    10.200    5451.0   0.455E+00     26.84     44.81
    10.500    5451.0   0.400E+00     26.95     45.10
    10.800    5451.0   0.347E+00     27.06     45.39
    11.100    5451.0   0.212E+00     27.17     45.68
    -0.000    5481.0  -0.117E+00     23.75     34.89
     0.300    5481.0   0.179E+00     23.83     35.18
     0.600    5481.0   0.451E+00     23.91     35.47
     0.900    5481.0   0.682E+00     23.99     35.77
     1.200    5481.0   0.748E+00     24.07     36.06
     1.500    5481.0   0.672E+00     24.15     36.35
     1.800    5481.0   0.548E+00     24.23     36.64
     2.100    5481.0   0.284E+00     24.32     36.94
     2.400    5481.0   0.141E-01     24.40     37.23
     2.700    5481.0  -0.241E+00     24.49     37.52
     3.000    5481.0  -0.369E+00     24.57     37.81
     3.300    5481.0  -0.426E+00     24.66     38.11
     3.600    5481.0  -0.465E+00     24.74     38.40
     3.900    5481.0  -0.484E+00     24.83     38.69
     4.200    5481.0  -0.452E+00     24.92     38.98
     4.500    5481.0  -0.350E+00     25.01     39.28
     4.800    5481.0  -0.155E+00     25.09     39.57
     5.100    5481.0   0.113E+00     25.18     39.86
     5.400    5481.0   0.324E+00     25.28     40.15
     5.700    5481.0   0.435E+00     25.37     40.44
     6.000    5481.0   0.570E+00     25.46     40.73
     6.300    5481.0   0.692E+00     25.55     41.03
     6.600    5481.0   0.723E+00     25.65     41.32
     6.900    5481.0   0.765E+00     25.74     41.61
     7.200    5481.0   0.803E+00     25.84     41.90
     7.500    5481.0   0.743E+00     25.93     42.19
     7.800    5481.0   0.641E+00     26.03     42.48
     8.100    5481.0   0.584E+00     26.13     42.77
     8.400    5481.0   0.479E+00     26.23     43.07
     8.700    5481.0   0.414E+00     26.33     43.36
     9.000    5481.0   0.384E+00     26.43     43.65
     9.300    5481.0   0.327E+00     26.53     43.94
     9.600    5481.0   0.246E+00     26.63     44.23
     9.900    5481.0   0.314E+00     26.74     44.52
    10.200    5481.0   0.411E+00     26.84     44.81
    10.500    5481.0   0.440E+00     26.95     45.10
    10.800    5481.0   0.369E+00     27.06     45.39
    11.100    5481.0   0.171E+00     27.17     45.68
    -0.000    5511.0  -0.117E+00     23.75     34.89
     0.300    5511.0   0.179E+00     23.83     35.18
     0.600    5511.0   0.451E+00     23.91     35.47
     0.900    5511.0   0.682E+00     23.99     35.77
     1.200    5511.0   0.748E+00     24.07     36.06
     1.500    5511.0   0.672E+00     24.15     36.35
     1.800    5511.0   0.548E+00     24.23     36.64
     2.100    5511.0   0.284E+00     24.32     36.94
     2.400    5511.0   0.141E-01     24.40     37.23
     2.700    5511.0  -0.241E+00     24.49     37.52
     3.000    5511.0  -0.369E+00     24.57     37.81
     3.300    5511.0  -0.426E+00     24.66     38.11
     3.600    5511.0  -0.465E+00     24.74     38.40
     3.900    5511.0  -0.484E+00     24.83     38.69
     4.200    5511.0  -0.452E+00     24.92     38.98
     4.500    5511.0  -0.350E+00     25.01     39.28
     4.800    5511.0  -0.155E+00     25.09     39.57
     5.100    5511.0   0.113E+00     25.18     39.86
     5.400    5511.0   0.324E+00     25.28     40.15
     5.700    5511.0   0.435E+00     25.37     40.44
     6.000    5511.0   0.570E+00     25.46     40.73
     6.300    5511.0   0.692E+00     25.55     41.03
     6.600    5511.0   0.723E+00     25.65     41.32
     6.900    5511.0   0.765E+00     25.74     41.61
     7.200    5511.0   0.803E+00     25.84     41.90
     7.500    5511.0   0.743E+00     25.93     42.19
     7.800    5511.0   0.641E+00     26.03     42.48
     8.100    5511.0   0.584E+00     26.13     42.77
     8.400    5511.0   0.479E+00     26.23     43.07
     8.700    5511.0   0.414E+00     26.33     43.36
     9.000    5511.0   0.384E+00     26.43     43.65
     9.300    5511.0   0.327E+00     26.53     43.94
     9.600    5511.0   0.246E+00     26.63     44.23
     9.900    5511.0   0.314E+00     26.74     44.52
    10.200    5511.0   0.411E+00     26.84     44.81
    10.500    5511.0   0.440E+00     26.95     45.10
    10.800    5511.0   0.369E+00     27.06     45.39
    11.100    5511.0   0.171E+00     27.17     45.68
    -0.000    5541.0  -0.117E+00     23.75     34.89
     0.300    5541.0   0.179E+00     23.83     35.18
     0.600    5541.0   0.451E+00     23.91     35.47
     0.900    5541.0   0.682E+00     23.99     35.77
     1.200    5541.0   0.748E+00     24.07     36.06
     1.500    5541.0   0.672E+00     24.15     36.35
     1.800    5541.0   0.548E+00     24.23     36.64
     2.100    5541.0   0.284E+00     24.32     36.94
     2.400    5541.0   0.141E-01     24.40     37.23
     2.700    5541.0  -0.241E+00     24.49     37.52
     3.000    5541.0  -0.369E+00     24.57     37.81
     3.300    5541.0  -0.426E+00     24.66     38.11
     3.600    5541.0  -0.465E+00     24.74     38.40
     3.900    5541.0  -0.484E+00     24.83     38.69
     4.200    5541.0  -0.452E+00     24.92     38.98
     4.500    5541.0  -0.350E+00     25.01     39.28
     4.800    5541.0  -0.155E+00     25.09     39.57
     5.100    5541.0   0.113E+00     25.18     39.86
     5.400    5541.0   0.324E+00     25.28     40.15
     5.700    5541.0   0.435E+00     25.37     40.44
     6.000    5541.0   0.570E+00     25.46     40.73
     6.300    5541.0   0.692E+00     25.55     41.03
     6.600    5541.0   0.723E+00     25.65     41.32
     6.900    5541.0   0.765E+00     25.74     41.61
     7.200    5541.0   0.803E+00     25.84     41.90
     7.500    5541.0   0.743E+00     25.93     42.19
     7.800    5541.0   0.641E+00     26.03     42.48
     8.100    5541.0   0.584E+00     26.13     42.77
     8.400    5541.0   0.479E+00     26.23     43.07
     8.700    5541.0   0.414E+00     26.33     43.36
     9.000    5541.0   0.384E+00     26.43     43.65
     9.300    5541.0   0.327E+00     26.53     43.94
     9.600    5541.0   0.246E+00     26.63     44.23
     9.900    5541.0   0.314E+00     26.74     44.52
    10.200    5541.0   0.411E+00     26.84     44.81
    10.500    5541.0   0.440E+00     26.95     45.10
    10.800    5541.0   0.369E+00     27.06     45.39
    11.100    5541.0   0.171E+00     27.17     45.68
    -0.000    5571.0  -0.495E+00     23.75     34.89
     0.300    5571.0  -0.231E+00     23.83     35.18
     0.600    5571.0   0.461E-02     23.91     35.47
     0.900    5571.0   0.197E+00     23.99     35.77
     1.200    5571.0   0.304E+00     24.07     36.06
     1.500    5571.0   0.256E+00     24.15     36.35
     1.800    5571.0   0.142E+00     24.23     36.64
     2.100    5571.0   0.139E-01     24.32     36.94
     2.400    5571.0  -0.834E-01     24.40     37.23
     2.700    5571.0  -0.200E+00     24.49     37.52
     3.000    5571.0  -0.194E+00     24.57     37.81
     3.300    5571.0  -0.165E+00     24.66     38.11
     3.600    5571.0  -0.154E+00     24.74     38.40
     3.900    5571.0  -0.112E+00     24.83     38.69
     4.200    5571.0  -0.810E-01     24.92     38.98
     4.500    5571.0  -0.620E-01     25.01     39.28
     4.800    5571.0   0.791E-01     25.09     39.57
     5.100    5571.0   0.252E+00     25.18     39.86
     5.400    5571.0   0.407E+00     25.28     40.15
     5.700    5571.0   0.529E+00     25.37     40.44
     6.000    5571.0   0.576E+00     25.46     40.73
     6.300    5571.0   0.639E+00     25.55     41.03
     6.600    5571.0   0.667E+00     25.65     41.32
     6.900    5571.0   0.585E+00     25.74     41.61
     7.200    5571.0   0.522E+00     25.84     41.90
     7.500    5571.0   0.430E+00     25.93     42.19
     7.800    5571.0   0.342E+00     26.03     42.48
     8.100    5571.0   0.266E+00     26.13     42.77
     8.400    5571.0   0.215E+00     26.23     43.07
     8.700    5571.0   0.184E+00     26.33     43.36
     9.000    5571.0   0.133E+00     26.43     43.65
     9.300    5571.0   0.249E-01     26.53     43.94
     9.600    5571.0  -0.260E-01     26.63     44.23
     9.900    5571.0   0.497E-01     26.74     44.52
    10.200    5571.0   0.166E+00     26.84     44.81
    10.500    5571.0   0.281E+00     26.95     45.10
    10.800    5571.0   0.234E+00     27.06     45.39
    11.100    5571.0   0.196E-01     27.17     45.68
    -0.000    5601.0  -0.495E+00     23.75     34.89
     0.300    5601.0  -0.231E+00     23.83     35.18
     0.600    5601.0   0.461E-02     23.91     35.47
     0.900    5601.0   0.197E+00     23.99     35.77
     1.200    5601.0   0.304E+00     24.07     36.06
     1.500    5601.0   0.256E+00     24.15     36.35
     1.800    5601.0   0.142E+00     24.23     36.64
     2.100    5601.0   0.139E-01     24.32     36.94
     2.400    5601.0  -0.834E-01     24.40     37.23
     2.700    5601.0  -0.200E+00     24.49     37.52
     3.000    5601.0  -0.194E+00     24.57     37.81
     3.300    5601.0  -0.165E+00     24.66     38.11
     3.600    5601.0  -0.154E+00     24.74     38.40
     3.900    5601.0  -0.112E+00     24.83     38.69
     4.200    5601.0  -0.810E-01     24.92     38.98
     4.500    5601.0  -0.620E-01     25.01     39.28
     4.800    5601.0   0.791E-01     25.09     39.57
     5.100    5601.0   0.252E+00     25.18     39.86
     5.400    5601.0   0.407E+00     25.28     40.15
     5.700    5601.0   0.529E+00     25.37     40.44
     6.000    5601.0   0.576E+00     25.46     40.73
     6.300    5601.0   0.639E+00     25.55     41.03
     6.600    5601.0   0.667E+00     25.65     41.32
     6.900    5601.0   0.585E+00     25.74     41.61
     7.200    5601.0   0.522E+00     25.84     41.90
     7.500    5601.0   0.430E+00     25.93     42.19
     7.800    5601.0   0.342E+00     26.03     42.48
     8.100    5601.0   0.266E+00     26.13     42.77
     8.400    5601.0   0.215E+00     26.23     43.07
     8.700    5601.0   0.184E+00     26.33     43.36
     9.000    5601.0   0.133E+00     26.43     43.65
     9.300    5601.0   0.249E-01     26.53     43.94
     9.600    5601.0  -0.260E-01     26.63     44.23
     9.900    5601.0   0.497E-01     26.74     44.52
    10.200    5601.0   0.166E+00     26.84     44.81
    10.500    5601.0   0.281E+00     26.95     45.10
    10.800    5601.0   0.234E+00     27.06     45.39
    11.100    5601.0   0.196E-01     27.17     45.68
    -0.000    5631.0  -0.495E+00     23.75     34.89
     0.300    5631.0  -0.231E+00     23.83     35.18
     0.600    5631.0   0.461E-02     23.91     35.47
     0.900    5631.0   0.197E+00     23.99     35.77
     1.200    5631.0   0.304E+00     24.07     36.06
     1.500    5631.0   0.256E+00     24.15     36.35
     1.800    5631.0   0.142E+00     24.23     36.64
     2.100    5631.0   0.139E-01     24.32     36.94
     2.400    5631.0  -0.834E-01     24.40     37.23
     2.700    5631.0  -0.200E+00     24.49     37.52
     3.000    5631.0  -0.194E+00     24.57     37.81
     3.300    5631.0  -0.165E+00     24.66     38.11
     3.600    5631.0  -0.154E+00     24.74     38.40
     3.900    5631.0  -0.112E+00     24.83     38.69
     4.200    5631.0  -0.810E-01     24.92     38.98
     4.500    5631.0  -0.620E-01     25.01     39.28
     4.800    5631.0   0.791E-01     25.09     39.57
     5.100    5631.0   0.252E+00     25.18     39.86
     5.400    5631.0   0.407E+00     25.28     40.15
     5.700    5631.0   0.529E+00     25.37     40.44
     6.000    5631.0   0.576E+00     25.46     40.73
     6.300    5631.0   0.639E+00     25.55     41.03
     6.600    5631.0   0.667E+00     25.65     41.32
     6.900    5631.0   0.585E+00     25.74     41.61
     7.200    5631.0   0.522E+00     25.84     41.90
     7.500    5631.0   0.430E+00     25.93     42.19
     7.800    5631.0   0.342E+00     26.03     42.48
     8.100    5631.0   0.266E+00     26.13     42.77
     8.400    5631.0   0.215E+00     26.23     43.07
     8.700    5631.0   0.184E+00     26.33     43.36
     9.000    5631.0   0.133E+00     26.43     43.65
     9.300    5631.0   0.249E-01     26.53     43.94
     9.600    5631.0  -0.260E-01     26.63     44.23
     9.900    5631.0   0.497E-01     26.74     44.52
    10.200    5631.0   0.166E+00     26.84     44.81
    10.500    5631.0   0.281E+00     26.95     45.10
    10.800    5631.0   0.234E+00     27.06     45.39
    11.100    5631.0   0.196E-01     27.17     45.68
    -0.000    5661.0  -0.211E+00     23.75     34.89
     0.300    5661.0  -0.343E-01     23.83     35.18
     0.600    5661.0   0.178E+00     23.91     35.47
     0.900    5661.0   0.374E+00     23.99     35.77
     1.200    5661.0   0.516E+00     24.07     36.06
     1.500    5661.0   0.497E+00     24.15     36.35
     1.800    5661.0   0.460E+00     24.23     36.64
     2.100    5661.0   0.351E+00     24.32     36.94
     2.400    5661.0   0.240E+00     24.40     37.23
     2.700    5661.0   0.173E+00     24.49     37.52
     3.000    5661.0   0.186E+00     24.57     37.81
     3.300    5661.0   0.218E+00     24.66     38.11
     3.600    5661.0   0.262E+00     24.74     38.40
     3.900    5661.0   0.262E+00     24.83     38.69
     4.200    5661.0   0.231E+00     24.92     38.98
     4.500    5661.0   0.223E+00     25.01     39.28
     4.800    5661.0   0.302E+00     25.09     39.57
     5.100    5661.0   0.477E+00     25.18     39.86
     5.400    5661.0   0.607E+00     25.28     40.15
     5.700    5661.0   0.684E+00     25.37     40.44
     6.000    5661.0   0.720E+00     25.46     40.73
     6.300    5661.0   0.727E+00     25.55     41.03
     6.600    5661.0   0.696E+00     25.65     41.32
     6.900    5661.0   0.635E+00     25.74     41.61
     7.200    5661.0   0.541E+00     25.84     41.90
     7.500    5661.0   0.418E+00     25.93     42.19
     7.800    5661.0   0.324E+00     26.03     42.48
     8.100    5661.0   0.224E+00     26.13     42.77
     8.400    5661.0   0.966E-01     26.23     43.07
     8.700    5661.0  -0.578E-01     26.33     43.36
     9.000    5661.0  -0.266E+00     26.43     43.65
     9.300    5661.0  -0.468E+00     26.53     43.94
     9.600    5661.0  -0.628E+00     26.63     44.23
     9.900    5661.0  -0.578E+00     26.74     44.52
    10.200    5661.0  -0.339E+00     26.84     44.81
    10.500    5661.0  -0.968E-01     26.95     45.10
    10.800    5661.0   0.102E-01     27.06     45.39
    11.100    5661.0  -0.368E-01     27.17     45.68
    -0.000    5691.0  -0.211E+00     23.75     34.89
     0.300    5691.0  -0.343E-01     23.83     35.18
     0.600    5691.0   0.178E+00     23.91     35.47
     0.900    5691.0   0.374E+00     23.99     35.77
     1.200    5691.0   0.516E+00     24.07     36.06
     1.500    5691.0   0.497E+00     24.15     36.35
     1.800    5691.0   0.460E+00     24.23     36.64
     2.100    5691.0   0.351E+00     24.32     36.94
     2.400    5691.0   0.240E+00     24.40     37.23
     2.700    5691.0   0.173E+00     24.49     37.52
     3.000    5691.0   0.186E+00     24.57     37.81
     3.300    5691.0   0.218E+00     24.66     38.11
     3.600    5691.0   0.262E+00     24.74     38.40
     3.900    5691.0   0.262E+00     24.83     38.69
     4.200    5691.0   0.231E+00     24.92     38.98
     4.500    5691.0   0.223E+00     25.01     39.28
     4.800    5691.0   0.302E+00     25.09     39.57
     5.100    5691.0   0.477E+00     25.18     39.86
     5.400    5691.0   0.607E+00     25.28     40.15
     5.700    5691.0   0.684E+00     25.37     40.44
     6.000    5691.0   0.720E+00     25.46     40.73
     6.300    5691.0   0.727E+00     25.55     41.03
     6.600    5691.0   0.696E+00     25.65     41.32
     6.900    5691.0   0.635E+00     25.74     41.61
     7.200    5691.0   0.541E+00     25.84     41.90
     7.500    5691.0   0.418E+00     25.93     42.19
     7.800    5691.0   0.324E+00     26.03     42.48
     8.100    5691.0   0.224E+00     26.13     42.77
     8.400    5691.0   0.966E-01     26.23     43.07
     8.700    5691.0  -0.578E-01     26.33     43.36
     9.000    5691.0  -0.266E+00     26.43     43.65
     9.300    5691.0  -0.468E+00     26.53     43.94
     9.600    5691.0  -0.628E+00     26.63     44.23
     9.900    5691.0  -0.578E+00     26.74     44.52
    10.200    5691.0  -0.339E+00     26.84     44.81
    10.500    5691.0  -0.968E-01     26.95     45.10
    10.800    5691.0   0.102E-01     27.06     45.39
    11.100    5691.0  -0.368E-01     27.17     45.68
    -0.000    5721.0  -0.135E+00     23.75     34.89
     0.300    5721.0  -0.216E-01     23.83     35.18
     0.600    5721.0   0.140E+00     23.91     35.47
     0.900    5721.0   0.326E+00     23.99     35.77
     1.200    5721.0   0.523E+00     24.07     36.06
     1.500    5721.0   0.587E+00     24.15     36.35
     1.800    5721.0   0.630E+00     24.23     36.64
     2.100    5721.0   0.573E+00     24.32     36.94
     2.400    5721.0   0.504E+00     24.40     37.23
     2.700    5721.0   0.481E+00     24.49     37.52
     3.000    5721.0   0.463E+00     24.57     37.81
     3.300    5721.0   0.451E+00     24.66     38.11
     3.600    5721.0   0.483E+00     24.74     38.40
     3.900    5721.0   0.577E+00     24.83     38.69
     4.200    5721.0   0.621E+00     24.92     38.98
     4.500    5721.0   0.644E+00     25.01     39.28
     4.800    5721.0   0.755E+00     25.09     39.57
     5.100    5721.0   0.913E+00     25.18     39.86
     5.400    5721.0   0.101E+01     25.28     40.15
     5.700    5721.0   0.107E+01     25.37     40.44
     6.000    5721.0   0.106E+01     25.46     40.73
     6.300    5721.0   0.107E+01     25.55     41.03
     6.600    5721.0   0.107E+01     25.65     41.32
     6.900    5721.0   0.944E+00     25.74     41.61
     7.200    5721.0   0.829E+00     25.84     41.90
     7.500    5721.0   0.694E+00     25.93     42.19
     7.800    5721.0   0.554E+00     26.03     42.48
     8.100    5721.0   0.442E+00     26.13     42.77
     8.400    5721.0   0.201E+00     26.23     43.07
     8.700    5721.0  -0.546E-01     26.33     43.36
     9.000    5721.0  -0.308E+00     26.43     43.65
     9.300    5721.0  -0.511E+00     26.53     43.94
     9.600    5721.0  -0.638E+00     26.63     44.23
     9.900    5721.0  -0.550E+00     26.74     44.52
    10.200    5721.0  -0.251E+00     26.84     44.81
    10.500    5721.0   0.777E-01     26.95     45.10
    10.800    5721.0   0.230E+00     27.06     45.39
    11.100    5721.0   0.249E+00     27.17     45.68
    -0.000    5751.0  -0.282E+00     23.75     34.89
     0.300    5751.0  -0.221E+00     23.83     35.18
     0.600    5751.0  -0.125E+00     23.91     35.47
     0.900    5751.0   0.300E-01     23.99     35.77
     1.200    5751.0   0.241E+00     24.07     36.06
     1.500    5751.0   0.456E+00     24.15     36.35
     1.800    5751.0   0.720E+00     24.23     36.64
     2.100    5751.0   0.811E+00     24.32     36.94
     2.400    5751.0   0.841E+00     24.40     37.23
     2.700    5751.0   0.938E+00     24.49     37.52
     3.000    5751.0   0.990E+00     24.57     37.81
     3.300    5751.0   0.107E+01     24.66     38.11
     3.600    5751.0   0.120E+01     24.74     38.40
     3.900    5751.0   0.130E+01     24.83     38.69
     4.200    5751.0   0.146E+01     24.92     38.98
     4.500    5751.0   0.166E+01     25.01     39.28
     4.800    5751.0   0.178E+01     25.09     39.57
     5.100    5751.0   0.183E+01     25.18     39.86
     5.400    5751.0   0.185E+01     25.28     40.15
     5.700    5751.0   0.182E+01     25.37     40.44
     6.000    5751.0   0.182E+01     25.46     40.73
     6.300    5751.0   0.182E+01     25.55     41.03
     6.600    5751.0   0.184E+01     25.65     41.32
     6.900    5751.0   0.179E+01     25.74     41.61
     7.200    5751.0   0.163E+01     25.84     41.90
     7.500    5751.0   0.138E+01     25.93     42.19
     7.800    5751.0   0.105E+01     26.03     42.48
     8.100    5751.0   0.680E+00     26.13     42.77
     8.400    5751.0   0.380E+00     26.23     43.07
     8.700    5751.0   0.973E-01     26.33     43.36
     9.000    5751.0  -0.149E+00     26.43     43.65
     9.300    5751.0  -0.202E+00     26.53     43.94
     9.600    5751.0  -0.217E+00     26.63     44.23
     9.900    5751.0   0.370E-01     26.74     44.52
    10.200    5751.0   0.415E+00     26.84     44.81
    10.500    5751.0   0.709E+00     26.95     45.10
    10.800    5751.0   0.903E+00     27.06     45.39
    11.100    5751.0   0.101E+01     27.17     45.68
    -0.000    5781.0  -0.282E+00     23.75     34.89
     0.300    5781.0  -0.221E+00     23.83     35.18
     0.600    5781.0  -0.125E+00     23.91     35.47
     0.900    5781.0   0.300E-01     23.99     35.77
     1.200    5781.0   0.241E+00     24.07     36.06
     1.500    5781.0   0.456E+00     24.15     36.35
     1.800    5781.0   0.720E+00     24.23     36.64
     2.100    5781.0   0.811E+00     24.32     36.94
     2.400    5781.0   0.841E+00     24.40     37.23
     2.700    5781.0   0.938E+00     24.49     37.52
     3.000    5781.0   0.990E+00     24.57     37.81
     3.300    5781.0   0.107E+01     24.66     38.11
     3.600    5781.0   0.120E+01     24.74     38.40
     3.900    5781.0   0.130E+01     24.83     38.69
     4.200    5781.0   0.146E+01     24.92     38.98
     4.500    5781.0   0.166E+01     25.01     39.28
     4.800    5781.0   0.178E+01     25.09     39.57
     5.100    5781.0   0.183E+01     25.18     39.86
     5.400    5781.0   0.185E+01     25.28     40.15
     5.700    5781.0   0.182E+01     25.37     40.44
     6.000    5781.0   0.182E+01     25.46     40.73
     6.300    5781.0   0.182E+01     25.55     41.03
     6.600    5781.0   0.184E+01     25.65     41.32
     6.900    5781.0   0.179E+01     25.74     41.61
     7.200    5781.0   0.163E+01     25.84     41.90
     7.500    5781.0   0.138E+01     25.93     42.19
     7.800    5781.0   0.105E+01     26.03     42.48
     8.100    5781.0   0.680E+00     26.13     42.77
     8.400    5781.0   0.380E+00     26.23     43.07
     8.700    5781.0   0.973E-01     26.33     43.36
     9.000    5781.0  -0.149E+00     26.43     43.65
     9.300    5781.0  -0.202E+00     26.53     43.94
     9.600    5781.0  -0.217E+00     26.63     44.23
     9.900    5781.0   0.370E-01     26.74     44.52
    10.200    5781.0   0.415E+00     26.84     44.81
    10.500    5781.0   0.709E+00     26.95     45.10
    10.800    5781.0   0.903E+00     27.06     45.39
    11.100    5781.0   0.101E+01     27.17     45.68
    -0.000    5811.0  -0.282E+00     23.75     34.89
     0.300    5811.0  -0.221E+00     23.83     35.18
     0.600    5811.0  -0.125E+00     23.91     35.47
     0.900    5811.0   0.300E-01     23.99     35.77
     1.200    5811.0   0.241E+00     24.07     36.06
     1.500    5811.0   0.456E+00     24.15     36.35
     1.800    5811.0   0.720E+00     24.23     36.64
     2.100    5811.0   0.811E+00     24.32     36.94
     2.400    5811.0   0.841E+00     24.40     37.23
     2.700    5811.0   0.938E+00     24.49     37.52
     3.000    5811.0   0.990E+00     24.57     37.81
     3.300    5811.0   0.107E+01     24.66     38.11
     3.600    5811.0   0.120E+01     24.74     38.40
     3.900    5811.0   0.130E+01     24.83     38.69
     4.200    5811.0   0.146E+01     24.92     38.98
     4.500    5811.0   0.166E+01     25.01     39.28
     4.800    5811.0   0.178E+01     25.09     39.57
     5.100    5811.0   0.183E+01     25.18     39.86
     5.400    5811.0   0.185E+01     25.28     40.15
     5.700    5811.0   0.182E+01     25.37     40.44
     6.000    5811.0   0.182E+01     25.46     40.73
     6.300    5811.0   0.182E+01     25.55     41.03
     6.600    5811.0   0.184E+01     25.65     41.32
     6.900    5811.0   0.179E+01     25.74     41.61
     7.200    5811.0   0.163E+01     25.84     41.90
     7.500    5811.0   0.138E+01     25.93     42.19
     7.800    5811.0   0.105E+01     26.03     42.48
     8.100    5811.0   0.680E+00     26.13     42.77
     8.400    5811.0   0.380E+00     26.23     43.07
     8.700    5811.0   0.973E-01     26.33     43.36
     9.000    5811.0  -0.149E+00     26.43     43.65
     9.300    5811.0  -0.202E+00     26.53     43.94
     9.600    5811.0  -0.217E+00     26.63     44.23
     9.900    5811.0   0.370E-01     26.74     44.52
    10.200    5811.0   0.415E+00     26.84     44.81
    10.500    5811.0   0.709E+00     26.95     45.10
    10.800    5811.0   0.903E+00     27.06     45.39
    11.100    5811.0   0.101E+01     27.17     45.68
    -0.000    5841.0   0.453E+00     23.75     34.89
     0.300    5841.0   0.370E+00     23.83     35.18
     0.600    5841.0   0.329E+00     23.91     35.47
     0.900    5841.0   0.328E+00     23.99     35.77
     1.200    5841.0   0.393E+00     24.07     36.06
     1.500    5841.0   0.485E+00     24.15     36.35
     1.800    5841.0   0.589E+00     24.23     36.64
     2.100    5841.0   0.643E+00     24.32     36.94
     2.400    5841.0   0.693E+00     24.40     37.23
     2.700    5841.0   0.774E+00     24.49     37.52
     3.000    5841.0   0.920E+00     24.57     37.81
     3.300    5841.0   0.106E+01     24.66     38.11
     3.600    5841.0   0.119E+01     24.74     38.40
     3.900    5841.0   0.137E+01     24.83     38.69
     4.200    5841.0   0.152E+01     24.92     38.98
     4.500    5841.0   0.155E+01     25.01     39.28
     4.800    5841.0   0.148E+01     25.09     39.57
     5.100    5841.0   0.138E+01     25.18     39.86
     5.400    5841.0   0.132E+01     25.28     40.15
     5.700    5841.0   0.120E+01     25.37     40.44
     6.000    5841.0   0.124E+01     25.46     40.73
     6.300    5841.0   0.145E+01     25.55     41.03
     6.600    5841.0   0.173E+01     25.65     41.32
     6.900    5841.0   0.174E+01     25.74     41.61
     7.200    5841.0   0.162E+01     25.84     41.90
     7.500    5841.0   0.129E+01     25.93     42.19
     7.800    5841.0   0.837E+00     26.03     42.48
     8.100    5841.0   0.429E+00     26.13     42.77
     8.400    5841.0   0.829E-01     26.23     43.07
     8.700    5841.0  -0.221E+00     26.33     43.36
     9.000    5841.0  -0.420E+00     26.43     43.65
     9.300    5841.0  -0.289E+00     26.53     43.94
     9.600    5841.0  -0.102E+00     26.63     44.23
     9.900    5841.0   0.210E+00     26.74     44.52
    10.200    5841.0   0.539E+00     26.84     44.81
    10.500    5841.0   0.846E+00     26.95     45.10
    10.800    5841.0   0.978E+00     27.06     45.39
    11.100    5841.0   0.103E+01     27.17     45.68
    -0.000    5871.0   0.453E+00     23.75     34.89
     0.300    5871.0   0.370E+00     23.83     35.18
     0.600    5871.0   0.329E+00     23.91     35.47
     0.900    5871.0   0.328E+00     23.99     35.77
     1.200    5871.0   0.393E+00     24.07     36.06
     1.500    5871.0   0.485E+00     24.15     36.35
     1.800    5871.0   0.589E+00     24.23     36.64
     2.100    5871.0   0.643E+00     24.32     36.94
     2.400    5871.0   0.693E+00     24.40     37.23
     2.700    5871.0   0.774E+00     24.49     37.52
     3.000    5871.0   0.920E+00     24.57     37.81
     3.300    5871.0   0.106E+01     24.66     38.11
     3.600    5871.0   0.119E+01     24.74     38.40
     3.900    5871.0   0.137E+01     24.83     38.69
     4.200    5871.0   0.152E+01     24.92     38.98
     4.500    5871.0   0.155E+01     25.01     39.28
     4.800    5871.0   0.148E+01     25.09     39.57
     5.100    5871.0   0.138E+01     25.18     39.86
     5.400    5871.0   0.132E+01     25.28     40.15
     5.700    5871.0   0.120E+01     25.37     40.44
     6.000    5871.0   0.124E+01     25.46     40.73
     6.300    5871.0   0.145E+01     25.55     41.03
     6.600    5871.0   0.173E+01     25.65     41.32
     6.900    5871.0   0.174E+01     25.74     41.61
     7.200    5871.0   0.162E+01     25.84     41.90
     7.500    5871.0   0.129E+01     25.93     42.19
     7.800    5871.0   0.837E+00     26.03     42.48
     8.100    5871.0   0.429E+00     26.13     42.77
     8.400    5871.0   0.829E-01     26.23     43.07
     8.700    5871.0  -0.221E+00     26.33     43.36
     9.000    5871.0  -0.420E+00     26.43     43.65
     9.300    5871.0  -0.289E+00     26.53     43.94
     9.600    5871.0  -0.102E+00     26.63     44.23
     9.900    5871.0   0.210E+00     26.74     44.52
    10.200    5871.0   0.539E+00     26.84     44.81
    10.500    5871.0   0.846E+00     26.95     45.10
    10.800    5871.0   0.978E+00     27.06     45.39
    11.100    5871.0   0.103E+01     27.17     45.68
    -0.000    5901.0   0.453E+00     23.75     34.89
     0.300    5901.0   0.370E+00     23.83     35.18
     0.600    5901.0   0.328E+00     23.91     35.47
     0.900    5901.0   0.328E+00     23.99     35.77
     1.200    5901.0   0.393E+00     24.07     36.06
     1.500    5901.0   0.485E+00     24.15     36.35
     1.800    5901.0   0.589E+00     24.23     36.64
     2.100    5901.0   0.643E+00     24.32     36.94
     2.400    5901.0   0.693E+00     24.40     37.23
     2.700    5901.0   0.774E+00     24.49     37.52
     3.000    5901.0   0.920E+00     24.57     37.81
     3.300    5901.0   0.106E+01     24.66     38.11
     3.600    5901.0   0.119E+01     24.74     38.40
     3.900    5901.0   0.137E+01     24.83     38.69
     4.200    5901.0   0.152E+01     24.92     38.98
     4.500    5901.0   0.155E+01     25.01     39.28
     4.800    5901.0   0.148E+01     25.09     39.57
     5.100    5901.0   0.138E+01     25.18     39.86
     5.400    5901.0   0.132E+01     25.28     40.15
     5.700    5901.0   0.120E+01     25.37     40.44
     6.000    5901.0   0.124E+01     25.46     40.73
     6.300    5901.0   0.145E+01     25.55     41.03
     6.600    5901.0   0.173E+01     25.65     41.32
     6.900    5901.0   0.174E+01     25.74     41.61
     7.200    5901.0   0.162E+01     25.84     41.90
     7.500    5901.0   0.129E+01     25.93     42.19
     7.800    5901.0   0.837E+00     26.03     42.48
     8.100    5901.0   0.429E+00     26.13     42.77
     8.400    5901.0   0.829E-01     26.23     43.07
     8.700    5901.0  -0.221E+00     26.33     43.36
     9.000    5901.0  -0.420E+00     26.43     43.65
     9.300    5901.0  -0.289E+00     26.53     43.94
     9.600    5901.0  -0.102E+00     26.63     44.23
     9.900    5901.0   0.210E+00     26.74     44.52
    10.200    5901.0   0.539E+00     26.84     44.81
    10.500    5901.0   0.846E+00     26.95     45.10
    10.800    5901.0   0.978E+00     27.06     45.39
    11.100    5901.0   0.103E+01     27.17     45.68
    -0.000    5931.0   0.140E+01     23.75     34.89
     0.300    5931.0   0.136E+01     23.83     35.18
     0.600    5931.0   0.128E+01     23.91     35.47
     0.900    5931.0   0.122E+01     23.99     35.77
     1.200    5931.0   0.110E+01     24.07     36.06
     1.500    5931.0   0.836E+00     24.15     36.35
     1.800    5931.0   0.630E+00     24.23     36.64
     2.100    5931.0   0.421E+00     24.32     36.94
     2.400    5931.0   0.265E+00     24.40     37.23
     2.700    5931.0   0.233E+00     24.49     37.52
     3.000    5931.0   0.333E+00     24.57     37.81
     3.300    5931.0   0.526E+00     24.66     38.11
     3.600    5931.0   0.771E+00     24.74     38.40
     3.900    5931.0   0.757E+00     24.83     38.69
     4.200    5931.0   0.674E+00     24.92     38.98
     4.500    5931.0   0.571E+00     25.01     39.28
     4.800    5931.0   0.335E+00     25.09     39.57
     5.100    5931.0  -0.185E-01     25.18     39.86
     5.400    5931.0  -0.221E+00     25.28     40.15
     5.700    5931.0  -0.309E+00     25.37     40.44
     6.000    5931.0  -0.120E+00     25.46     40.73
     6.300    5931.0   0.204E+00     25.55     41.03
     6.600    5931.0   0.557E+00     25.65     41.32
     6.900    5931.0   0.683E+00     25.74     41.61
     7.200    5931.0   0.682E+00     25.84     41.90
     7.500    5931.0   0.401E+00     25.93     42.19
     7.800    5931.0   0.234E-02     26.03     42.48
     8.100    5931.0  -0.273E+00     26.13     42.77
     8.400    5931.0  -0.495E+00     26.23     43.07
     8.700    5931.0  -0.634E+00     26.33     43.36
     9.000    5931.0  -0.618E+00     26.43     43.65
     9.300    5931.0  -0.353E+00     26.53     43.94
     9.600    5931.0  -0.132E-01     26.63     44.23
     9.900    5931.0   0.368E+00     26.74     44.52
    10.200    5931.0   0.709E+00     26.84     44.81
    10.500    5931.0   0.960E+00     26.95     45.10
    10.800    5931.0   0.882E+00     27.06     45.39
    11.100    5931.0   0.833E+00     27.17     45.68
    -0.000    5961.0   0.140E+01     23.75     34.89
     0.300    5961.0   0.136E+01     23.83     35.18
     0.600    5961.0   0.128E+01     23.91     35.47
     0.900    5961.0   0.122E+01     23.99     35.77
     1.200    5961.0   0.110E+01     24.07     36.06
     1.500    5961.0   0.836E+00     24.15     36.35
     1.800    5961.0   0.630E+00     24.23     36.64
     2.100    5961.0   0.421E+00     24.32     36.94
     2.400    5961.0   0.265E+00     24.40     37.23
     2.700    5961.0   0.233E+00     24.49     37.52
     3.000    5961.0   0.333E+00     24.57     37.81
     3.300    5961.0   0.526E+00     24.66     38.11
     3.600    5961.0   0.771E+00     24.74     38.40
     3.900    5961.0   0.757E+00     24.83     38.69
     4.200    5961.0   0.674E+00     24.92     38.98
     4.500    5961.0   0.571E+00     25.01     39.28
     4.800    5961.0   0.335E+00     25.09     39.57
     5.100    5961.0  -0.185E-01     25.18     39.86
     5.400    5961.0  -0.221E+00     25.28     40.15
     5.700    5961.0  -0.309E+00     25.37     40.44
     6.000    5961.0  -0.120E+00     25.46     40.73
     6.300    5961.0   0.204E+00     25.55     41.03
     6.600    5961.0   0.557E+00     25.65     41.32
     6.900    5961.0   0.683E+00     25.74     41.61
     7.200    5961.0   0.682E+00     25.84     41.90
     7.500    5961.0   0.401E+00     25.93     42.19
     7.800    5961.0   0.234E-02     26.03     42.48
     8.100    5961.0  -0.273E+00     26.13     42.77
     8.400    5961.0  -0.495E+00     26.23     43.07
     8.700    5961.0  -0.634E+00     26.33     43.36
     9.000    5961.0  -0.618E+00     26.43     43.65
     9.300    5961.0  -0.353E+00     26.53     43.94
     9.600    5961.0  -0.132E-01     26.63     44.23
     9.900    5961.0   0.368E+00     26.74     44.52
    10.200    5961.0   0.709E+00     26.84     44.81
    10.500    5961.0   0.960E+00     26.95     45.10
    10.800    5961.0   0.882E+00     27.06     45.39
    11.100    5961.0   0.833E+00     27.17     45.68
    -0.000    5991.0   0.162E+01     23.75     34.89
     0.300    5991.0   0.155E+01     23.83     35.18
     0.600    5991.0   0.151E+01     23.91     35.47
     0.900    5991.0   0.148E+01     23.99     35.77
     1.200    5991.0   0.136E+01     24.07     36.06
     1.500    5991.0   0.101E+01     24.15     36.35
     1.800    5991.0   0.715E+00     24.23     36.64
     2.100    5991.0   0.505E+00     24.32     36.94
     2.400    5991.0   0.374E+00     24.40     37.23
     2.700    5991.0   0.378E+00     24.49     37.52
     3.000    5991.0   0.516E+00     24.57     37.81
     3.300    5991.0   0.686E+00     24.66     38.11
     3.600    5991.0   0.855E+00     24.74     38.40
     3.900    5991.0   0.760E+00     24.83     38.69
     4.200    5991.0   0.571E+00     24.92     38.98
     4.500    5991.0   0.378E+00     25.01     39.28
     4.800    5991.0   0.116E+00     25.09     39.57
     5.100    5991.0  -0.204E+00     25.18     39.86
     5.400    5991.0  -0.374E+00     25.28     40.15
     5.700    5991.0  -0.484E+00     25.37     40.44
     6.000    5991.0  -0.371E+00     25.46     40.73
     6.300    5991.0  -0.124E+00     25.55     41.03
     6.600    5991.0   0.185E+00     25.65     41.32
     6.900    5991.0   0.309E+00     25.74     41.61
     7.200    5991.0   0.307E+00     25.84     41.90
     7.500    5991.0   0.816E-01     25.93     42.19
     7.800    5991.0  -0.249E+00     26.03     42.48
     8.100    5991.0  -0.523E+00     26.13     42.77
     8.400    5991.0  -0.585E+00     26.23     43.07
     8.700    5991.0  -0.597E+00     26.33     43.36
     9.000    5991.0  -0.505E+00     26.43     43.65
     9.300    5991.0  -0.134E+00     26.53     43.94
     9.600    5991.0   0.281E+00     26.63     44.23
     9.900    5991.0   0.680E+00     26.74     44.52
    10.200    5991.0   0.964E+00     26.84     44.81
    10.500    5991.0   0.113E+01     26.95     45.10
    10.800    5991.0   0.983E+00     27.06     45.39
    11.100    5991.0   0.814E+00     27.17     45.68
    -0.000    6021.0   0.179E+01     23.75     34.89
     0.300    6021.0   0.153E+01     23.83     35.18
     0.600    6021.0   0.140E+01     23.91     35.47
     0.900    6021.0   0.145E+01     23.99     35.77
     1.200    6021.0   0.157E+01     24.07     36.06
     1.500    6021.0   0.149E+01     24.15     36.35
     1.800    6021.0   0.144E+01     24.23     36.64
     2.100    6021.0   0.157E+01     24.32     36.94
     2.400    6021.0   0.170E+01     24.40     37.23
     2.700    6021.0   0.180E+01     24.49     37.52
     3.000    6021.0   0.189E+01     24.57     37.81
     3.300    6021.0   0.192E+01     24.66     38.11
     3.600    6021.0   0.183E+01     24.74     38.40
     3.900    6021.0   0.146E+01     24.83     38.69
     4.200    6021.0   0.114E+01     24.92     38.98
     4.500    6021.0   0.916E+00     25.01     39.28
     4.800    6021.0   0.686E+00     25.09     39.57
     5.100    6021.0   0.391E+00     25.18     39.86
     5.400    6021.0   0.148E+00     25.28     40.15
     5.700    6021.0  -0.489E-01     25.37     40.44
     6.000    6021.0  -0.141E+00     25.46     40.73
     6.300    6021.0  -0.122E+00     25.55     41.03
     6.600    6021.0  -0.916E-02     25.65     41.32
     6.900    6021.0   0.600E-01     25.74     41.61
     7.200    6021.0   0.643E-01     25.84     41.90
     7.500    6021.0  -0.737E-01     25.93     42.19
     7.800    6021.0  -0.239E+00     26.03     42.48
     8.100    6021.0  -0.315E+00     26.13     42.77
     8.400    6021.0  -0.287E+00     26.23     43.07
     8.700    6021.0  -0.136E+00     26.33     43.36
     9.000    6021.0   0.206E+00     26.43     43.65
     9.300    6021.0   0.533E+00     26.53     43.94
     9.600    6021.0   0.878E+00     26.63     44.23
     9.900    6021.0   0.110E+01     26.74     44.52
    10.200    6021.0   0.116E+01     26.84     44.81
    10.500    6021.0   0.115E+01     26.95     45.10
    10.800    6021.0   0.778E+00     27.06     45.39
    11.100    6021.0   0.596E+00     27.17     45.68
    -0.000    6051.0   0.179E+01     23.75     34.89
     0.300    6051.0   0.153E+01     23.83     35.18
     0.600    6051.0   0.140E+01     23.91     35.47
     0.900    6051.0   0.145E+01     23.99     35.77
     1.200    6051.0   0.157E+01     24.07     36.06
     1.500    6051.0   0.149E+01     24.15     36.35
     1.800    6051.0   0.144E+01     24.23     36.64
     2.100    6051.0   0.157E+01     24.32     36.94
     2.400    6051.0   0.170E+01     24.40     37.23
     2.700    6051.0   0.180E+01     24.49     37.52
     3.000    6051.0   0.189E+01     24.57     37.81
     3.300    6051.0   0.192E+01     24.66     38.11
     3.600    6051.0   0.183E+01     24.74     38.40
     3.900    6051.0   0.146E+01     24.83     38.69
     4.200    6051.0   0.114E+01     24.92     38.98
     4.500    6051.0   0.916E+00     25.01     39.28
     4.800    6051.0   0.686E+00     25.09     39.57
     5.100    6051.0   0.391E+00     25.18     39.86
     5.400    6051.0   0.148E+00     25.28     40.15
     5.700    6051.0  -0.489E-01     25.37     40.44
     6.000    6051.0  -0.141E+00     25.46     40.73
     6.300    6051.0  -0.122E+00     25.55     41.03
     6.600    6051.0  -0.916E-02     25.65     41.32
     6.900    6051.0   0.600E-01     25.74     41.61
     7.200    6051.0   0.643E-01     25.84     41.90
     7.500    6051.0  -0.737E-01     25.93     42.19
     7.800    6051.0  -0.239E+00     26.03     42.48
     8.100    6051.0  -0.315E+00     26.13     42.77
     8.400    6051.0  -0.287E+00     26.23     43.07
     8.700    6051.0  -0.136E+00     26.33     43.36
     9.000    6051.0   0.206E+00     26.43     43.65
     9.300    6051.0   0.533E+00     26.53     43.94
     9.600    6051.0   0.878E+00     26.63     44.23
     9.900    6051.0   0.110E+01     26.74     44.52
    10.200    6051.0   0.116E+01     26.84     44.81
    10.500    6051.0   0.115E+01     26.95     45.10
    10.800    6051.0   0.778E+00     27.06     45.39
    11.100    6051.0   0.596E+00     27.17     45.68
    -0.000    6081.0   0.179E+01     23.75     34.89
     0.300    6081.0   0.153E+01     23.83     35.18
     0.600    6081.0   0.140E+01     23.91     35.47
     0.900    6081.0   0.145E+01     23.99     35.77
     1.200    6081.0   0.157E+01     24.07     36.06
     1.500    6081.0   0.149E+01     24.15     36.35
     1.800    6081.0   0.144E+01     24.23     36.64
     2.100    6081.0   0.157E+01     24.32     36.94
     2.400    6081.0   0.170E+01     24.40     37.23
     2.700    6081.0   0.180E+01     24.49     37.52
     3.000    6081.0   0.189E+01     24.57     37.81
     3.300    6081.0   0.192E+01     24.66     38.11
     3.600    6081.0   0.183E+01     24.74     38.40
     3.900    6081.0   0.146E+01     24.83     38.69
     4.200    6081.0   0.114E+01     24.92     38.98
     4.500    6081.0   0.916E+00     25.01     39.28
     4.800    6081.0   0.686E+00     25.09     39.57
     5.100    6081.0   0.391E+00     25.18     39.86
     5.400    6081.0   0.148E+00     25.28     40.15
     5.700    6081.0  -0.489E-01     25.37     40.44
     6.000    6081.0  -0.141E+00     25.46     40.73
     6.300    6081.0  -0.122E+00     25.55     41.03
     6.600    6081.0  -0.916E-02     25.65     41.32
     6.900    6081.0   0.600E-01     25.74     41.61
     7.200    6081.0   0.643E-01     25.84     41.90
     7.500    6081.0  -0.737E-01     25.93     42.19
     7.800    6081.0  -0.239E+00     26.03     42.48
     8.100    6081.0  -0.315E+00     26.13     42.77
     8.400    6081.0  -0.287E+00     26.23     43.07
     8.700    6081.0  -0.136E+00     26.33     43.36
     9.000    6081.0   0.206E+00     26.43     43.65
     9.300    6081.0   0.533E+00     26.53     43.94
     9.600    6081.0   0.878E+00     26.63     44.23
     9.900    6081.0   0.110E+01     26.74     44.52
    10.200    6081.0   0.116E+01     26.84     44.81
    10.500    6081.0   0.115E+01     26.95     45.10
    10.800    6081.0   0.778E+00     27.06     45.39
    11.100    6081.0   0.596E+00     27.17     45.68
    -0.000    6111.0   0.170E+01     23.75     34.89
     0.300    6111.0   0.112E+01     23.83     35.18
     0.600    6111.0   0.111E+01     23.91     35.47
     0.900    6111.0   0.138E+01     23.99     35.77
     1.200    6111.0   0.183E+01     24.07     36.06
     1.500    6111.0   0.224E+01     24.15     36.35
     1.800    6111.0   0.271E+01     24.23     36.64
     2.100    6111.0   0.295E+01     24.32     36.94
     2.400    6111.0   0.298E+01     24.40     37.23
     2.700    6111.0   0.303E+01     24.49     37.52
     3.000    6111.0   0.268E+01     24.57     37.81
     3.300    6111.0   0.213E+01     24.66     38.11
     3.600    6111.0   0.157E+01     24.74     38.40
     3.900    6111.0   0.110E+01     24.83     38.69
     4.200    6111.0   0.756E+00     24.92     38.98
     4.500    6111.0   0.523E+00     25.01     39.28
     4.800    6111.0   0.481E+00     25.09     39.57
     5.100    6111.0   0.498E+00     25.18     39.86
     5.400    6111.0   0.328E+00     25.28     40.15
     5.700    6111.0   0.104E+00     25.37     40.44
     6.000    6111.0  -0.103E+00     25.46     40.73
     6.300    6111.0  -0.286E+00     25.55     41.03
     6.600    6111.0  -0.403E+00     25.65     41.32
     6.900    6111.0  -0.329E+00     25.74     41.61
     7.200    6111.0  -0.298E+00     25.84     41.90
     7.500    6111.0  -0.352E+00     25.93     42.19
     7.800    6111.0  -0.386E+00     26.03     42.48
     8.100    6111.0  -0.365E+00     26.13     42.77
     8.400    6111.0  -0.165E+00     26.23     43.07
     8.700    6111.0   0.888E-01     26.33     43.36
     9.000    6111.0   0.432E+00     26.43     43.65
     9.300    6111.0   0.609E+00     26.53     43.94
     9.600    6111.0   0.669E+00     26.63     44.23
     9.900    6111.0   0.647E+00     26.74     44.52
    10.200    6111.0   0.453E+00     26.84     44.81
    10.500    6111.0   0.155E+00     26.95     45.10
    10.800    6111.0  -0.919E-01     27.06     45.39
    11.100    6111.0  -0.240E+00     27.17     45.68
    -0.000    6141.0   0.170E+01     23.75     34.89
     0.300    6141.0   0.112E+01     23.83     35.18
     0.600    6141.0   0.111E+01     23.91     35.47
     0.900    6141.0   0.138E+01     23.99     35.77
     1.200    6141.0   0.183E+01     24.07     36.06
     1.500    6141.0   0.224E+01     24.15     36.35
     1.800    6141.0   0.271E+01     24.23     36.64
     2.100    6141.0   0.295E+01     24.32     36.94
     2.400    6141.0   0.298E+01     24.40     37.23
     2.700    6141.0   0.303E+01     24.49     37.52
     3.000    6141.0   0.268E+01     24.57     37.81
     3.300    6141.0   0.213E+01     24.66     38.11
     3.600    6141.0   0.157E+01     24.74     38.40
     3.900    6141.0   0.110E+01     24.83     38.69
     4.200    6141.0   0.756E+00     24.92     38.98
     4.500    6141.0   0.523E+00     25.01     39.28
     4.800    6141.0   0.481E+00     25.09     39.57
     5.100    6141.0   0.498E+00     25.18     39.86
     5.400    6141.0   0.328E+00     25.28     40.15
     5.700    6141.0   0.104E+00     25.37     40.44
     6.000    6141.0  -0.103E+00     25.46     40.73
     6.300    6141.0  -0.286E+00     25.55     41.03
     6.600    6141.0  -0.403E+00     25.65     41.32
     6.900    6141.0  -0.329E+00     25.74     41.61
     7.200    6141.0  -0.298E+00     25.84     41.90
     7.500    6141.0  -0.352E+00     25.93     42.19
     7.800    6141.0  -0.386E+00     26.03     42.48
     8.100    6141.0  -0.365E+00     26.13     42.77
     8.400    6141.0  -0.165E+00     26.23     43.07
     8.700    6141.0   0.888E-01     26.33     43.36
     9.000    6141.0   0.432E+00     26.43     43.65
     9.300    6141.0   0.609E+00     26.53     43.94
     9.600    6141.0   0.669E+00     26.63     44.23
     9.900    6141.0   0.647E+00     26.74     44.52
    10.200    6141.0   0.453E+00     26.84     44.81
    10.500    6141.0   0.155E+00     26.95     45.10
    10.800    6141.0  -0.919E-01     27.06     45.39
    11.100    6141.0  -0.240E+00     27.17     45.68
    -0.000    6171.0   0.170E+01     23.75     34.89
     0.300    6171.0   0.112E+01     23.83     35.18
     0.600    6171.0   0.111E+01     23.91     35.47
     0.900    6171.0   0.138E+01     23.99     35.77
     1.200    6171.0   0.183E+01     24.07     36.06
     1.500    6171.0   0.224E+01     24.15     36.35
     1.800    6171.0   0.271E+01     24.23     36.64
     2.100    6171.0   0.295E+01     24.32     36.94
     2.400    6171.0   0.298E+01     24.40     37.23
     2.700    6171.0   0.303E+01     24.49     37.52
     3.000    6171.0   0.268E+01     24.57     37.81
     3.300    6171.0   0.213E+01     24.66     38.11
     3.600    6171.0   0.157E+01     24.74     38.40
     3.900    6171.0   0.110E+01     24.83     38.69
     4.200    6171.0   0.756E+00     24.92     38.98
     4.500    6171.0   0.523E+00     25.01     39.28
     4.800    6171.0   0.481E+00     25.09     39.57
     5.100    6171.0   0.498E+00     25.18     39.86
     5.400    6171.0   0.328E+00     25.28     40.15
     5.700    6171.0   0.104E+00     25.37     40.44
     6.000    6171.0  -0.103E+00     25.46     40.73
     6.300    6171.0  -0.286E+00     25.55     41.03
     6.600    6171.0  -0.403E+00     25.65     41.32
     6.900    6171.0  -0.329E+00     25.74     41.61
     7.200    6171.0  -0.298E+00     25.84     41.90
     7.500    6171.0  -0.352E+00     25.93     42.19
     7.800    6171.0  -0.386E+00     26.03     42.48
     8.100    6171.0  -0.365E+00     26.13     42.77
     8.400    6171.0  -0.165E+00     26.23     43.07
     8.700    6171.0   0.888E-01     26.33     43.36
     9.000    6171.0   0.432E+00     26.43     43.65
     9.300    6171.0   0.609E+00     26.53     43.94
     9.600    6171.0   0.669E+00     26.63     44.23
     9.900    6171.0   0.647E+00     26.74     44.52
    10.200    6171.0   0.453E+00     26.84     44.81
    10.500    6171.0   0.155E+00     26.95     45.10
    10.800    6171.0  -0.919E-01     27.06     45.39
    11.100    6171.0  -0.240E+00     27.17     45.68
    -0.000    6201.0   0.185E+01     23.75     34.89
     0.300    6201.0   0.126E+01     23.83     35.18
     0.600    6201.0   0.127E+01     23.91     35.47
     0.900    6201.0   0.171E+01     23.99     35.77
     1.200    6201.0   0.253E+01     24.07     36.06
     1.500    6201.0   0.315E+01     24.15     36.35
     1.800    6201.0   0.366E+01     24.23     36.64
     2.100    6201.0   0.352E+01     24.32     36.94
     2.400    6201.0   0.295E+01     24.40     37.23
     2.700    6201.0   0.224E+01     24.49     37.52
     3.000    6201.0   0.121E+01     24.57     37.81
     3.300    6201.0   0.116E+00     24.66     38.11
     3.600    6201.0  -0.845E+00     24.74     38.40
     3.900    6201.0  -0.126E+01     24.83     38.69
     4.200    6201.0  -0.141E+01     24.92     38.98
     4.500    6201.0  -0.133E+01     25.01     39.28
     4.800    6201.0  -0.968E+00     25.09     39.57
     5.100    6201.0  -0.552E+00     25.18     39.86
     5.400    6201.0  -0.474E+00     25.28     40.15
     5.700    6201.0  -0.445E+00     25.37     40.44
     6.000    6201.0  -0.542E+00     25.46     40.73
     6.300    6201.0  -0.779E+00     25.55     41.03
     6.600    6201.0  -0.102E+01     25.65     41.32
     6.900    6201.0  -0.106E+01     25.74     41.61
     7.200    6201.0  -0.109E+01     25.84     41.90
     7.500    6201.0  -0.111E+01     25.93     42.19
     7.800    6201.0  -0.111E+01     26.03     42.48
     8.100    6201.0  -0.110E+01     26.13     42.77
     8.400    6201.0  -0.106E+01     26.23     43.07
     8.700    6201.0  -0.917E+00     26.33     43.36
     9.000    6201.0  -0.686E+00     26.43     43.65
     9.300    6201.0  -0.855E+00     26.53     43.94
     9.600    6201.0  -0.103E+01     26.63     44.23
     9.900    6201.0  -0.118E+01     26.74     44.52
    10.200    6201.0  -0.128E+01     26.84     44.81
    10.500    6201.0  -0.133E+01     26.95     45.10
    10.800    6201.0  -0.123E+01     27.06     45.39
    11.100    6201.0  -0.120E+01     27.17     45.68
    -0.000    6231.0   0.185E+01     23.75     34.89
     0.300    6231.0   0.126E+01     23.83     35.18
     0.600    6231.0   0.127E+01     23.91     35.47
     0.900    6231.0   0.171E+01     23.99     35.77
     1.200    6231.0   0.253E+01     24.07     36.06
     1.500    6231.0   0.315E+01     24.15     36.35
     1.800    6231.0   0.366E+01     24.23     36.64
     2.100    6231.0   0.352E+01     24.32     36.94
     2.400    6231.0   0.295E+01     24.40     37.23
     2.700    6231.0   0.224E+01     24.49     37.52
     3.000    6231.0   0.121E+01     24.57     37.81
     3.300    6231.0   0.116E+00     24.66     38.11
     3.600    6231.0  -0.845E+00     24.74     38.40
     3.900    6231.0  -0.126E+01     24.83     38.69
     4.200    6231.0  -0.141E+01     24.92     38.98
     4.500    6231.0  -0.133E+01     25.01     39.28
     4.800    6231.0  -0.968E+00     25.09     39.57
     5.100    6231.0  -0.552E+00     25.18     39.86
     5.400    6231.0  -0.474E+00     25.28     40.15
     5.700    6231.0  -0.445E+00     25.37     40.44
     6.000    6231.0  -0.542E+00     25.46     40.73
     6.300    6231.0  -0.779E+00     25.55     41.03
     6.600    6231.0  -0.102E+01     25.65     41.32
     6.900    6231.0  -0.106E+01     25.74     41.61
     7.200    6231.0  -0.109E+01     25.84     41.90
     7.500    6231.0  -0.111E+01     25.93     42.19
     7.800    6231.0  -0.111E+01     26.03     42.48
     8.100    6231.0  -0.110E+01     26.13     42.77
     8.400    6231.0  -0.106E+01     26.23     43.07
     8.700    6231.0  -0.917E+00     26.33     43.36
     9.000    6231.0  -0.686E+00     26.43     43.65
     9.300    6231.0  -0.855E+00     26.53     43.94
     9.600    6231.0  -0.103E+01     26.63     44.23
     9.900    6231.0  -0.118E+01     26.74     44.52
    10.200    6231.0  -0.128E+01     26.84     44.81
    10.500    6231.0  -0.133E+01     26.95     45.10
    10.800    6231.0  -0.123E+01     27.06     45.39
    11.100    6231.0  -0.120E+01     27.17     45.68
    -0.000    6261.0   0.185E+01     23.75     34.89
     0.300    6261.0   0.126E+01     23.83     35.18
     0.600    6261.0   0.127E+01     23.91     35.47
     0.900    6261.0   0.171E+01     23.99     35.77
     1.200    6261.0   0.253E+01     24.07     36.06
     1.500    6261.0   0.315E+01     24.15     36.35
     1.800    6261.0   0.366E+01     24.23     36.64
     2.100    6261.0   0.352E+01     24.32     36.94
     2.400    6261.0   0.295E+01     24.40     37.23
     2.700    6261.0   0.224E+01     24.49     37.52
     3.000    6261.0   0.121E+01     24.57     37.81
     3.300    6261.0   0.116E+00     24.66     38.11
     3.600    6261.0  -0.845E+00     24.74     38.40
     3.900    6261.0  -0.126E+01     24.83     38.69
     4.200    6261.0  -0.141E+01     24.92     38.98
     4.500    6261.0  -0.133E+01     25.01     39.28
     4.800    6261.0  -0.968E+00     25.09     39.57
     5.100    6261.0  -0.552E+00     25.18     39.86
     5.400    6261.0  -0.474E+00     25.28     40.15
     5.700    6261.0  -0.445E+00     25.37     40.44
     6.000    6261.0  -0.542E+00     25.46     40.73
     6.300    6261.0  -0.779E+00     25.55     41.03
     6.600    6261.0  -0.102E+01     25.65     41.32
     6.900    6261.0  -0.106E+01     25.74     41.61
     7.200    6261.0  -0.109E+01     25.84     41.90
     7.500    6261.0  -0.111E+01     25.93     42.19
     7.800    6261.0  -0.111E+01     26.03     42.48
     8.100    6261.0  -0.110E+01     26.13     42.77
     8.400    6261.0  -0.106E+01     26.23     43.07
     8.700    6261.0  -0.917E+00     26.33     43.36
     9.000    6261.0  -0.686E+00     26.43     43.65
     9.300    6261.0  -0.855E+00     26.53     43.94
     9.600    6261.0  -0.103E+01     26.63     44.23
     9.900    6261.0  -0.118E+01     26.74     44.52
    10.200    6261.0  -0.128E+01     26.84     44.81
    10.500    6261.0  -0.133E+01     26.95     45.10
    10.800    6261.0  -0.123E+01     27.06     45.39
    11.100    6261.0  -0.120E+01     27.17     45.68
    -0.000    6291.0   0.210E+01     23.75     34.89
     0.300    6291.0   0.152E+01     23.83     35.18
     0.600    6291.0   0.167E+01     23.91     35.47
     0.900    6291.0   0.229E+01     23.99     35.77
     1.200    6291.0   0.323E+01     24.07     36.06
     1.500    6291.0   0.370E+01     24.15     36.35
     1.800    6291.0   0.401E+01     24.23     36.64
     2.100    6291.0   0.342E+01     24.32     36.94
     2.400    6291.0   0.213E+01     24.40     37.23
     2.700    6291.0   0.621E+00     24.49     37.52
     3.000    6291.0  -0.919E+00     24.57     37.81
     3.300    6291.0  -0.242E+01     24.66     38.11
     3.600    6291.0  -0.372E+01     24.74     38.40
     3.900    6291.0  -0.402E+01     24.83     38.69
     4.200    6291.0  -0.407E+01     24.92     38.98
     4.500    6291.0  -0.385E+01     25.01     39.28
     4.800    6291.0  -0.322E+01     25.09     39.57
     5.100    6291.0  -0.244E+01     25.18     39.86
     5.400    6291.0  -0.201E+01     25.28     40.15
     5.700    6291.0  -0.160E+01     25.37     40.44
     6.000    6291.0  -0.143E+01     25.46     40.73
     6.300    6291.0  -0.160E+01     25.55     41.03
     6.600    6291.0  -0.181E+01     25.65     41.32
     6.900    6291.0  -0.187E+01     25.74     41.61
     7.200    6291.0  -0.202E+01     25.84     41.90
     7.500    6291.0  -0.215E+01     25.93     42.19
     7.800    6291.0  -0.221E+01     26.03     42.48
     8.100    6291.0  -0.232E+01     26.13     42.77
     8.400    6291.0  -0.246E+01     26.23     43.07
     8.700    6291.0  -0.256E+01     26.33     43.36
     9.000    6291.0  -0.259E+01     26.43     43.65
     9.300    6291.0  -0.271E+01     26.53     43.94
     9.600    6291.0  -0.290E+01     26.63     44.23
     9.900    6291.0  -0.286E+01     26.74     44.52
    10.200    6291.0  -0.249E+01     26.84     44.81
    10.500    6291.0  -0.216E+01     26.95     45.10
    10.800    6291.0  -0.163E+01     27.06     45.39
    11.100    6291.0  -0.142E+01     27.17     45.68
    -0.000    6321.0   0.210E+01     23.75     34.89
     0.300    6321.0   0.152E+01     23.83     35.18
     0.600    6321.0   0.167E+01     23.91     35.47
     0.900    6321.0   0.229E+01     23.99     35.77
     1.200    6321.0   0.323E+01     24.07     36.06
     1.500    6321.0   0.370E+01     24.15     36.35
     1.800    6321.0   0.401E+01     24.23     36.64
     2.100    6321.0   0.342E+01     24.32     36.94
     2.400    6321.0   0.213E+01     24.40     37.23
     2.700    6321.0   0.621E+00     24.49     37.52
     3.000    6321.0  -0.919E+00     24.57     37.81
     3.300    6321.0  -0.242E+01     24.66     38.11
     3.600    6321.0  -0.372E+01     24.74     38.40
     3.900    6321.0  -0.402E+01     24.83     38.69
     4.200    6321.0  -0.407E+01     24.92     38.98
     4.500    6321.0  -0.385E+01     25.01     39.28
     4.800    6321.0  -0.322E+01     25.09     39.57
     5.100    6321.0  -0.244E+01     25.18     39.86
     5.400    6321.0  -0.201E+01     25.28     40.15
     5.700    6321.0  -0.160E+01     25.37     40.44
     6.000    6321.0  -0.143E+01     25.46     40.73
     6.300    6321.0  -0.160E+01     25.55     41.03
     6.600    6321.0  -0.181E+01     25.65     41.32
     6.900    6321.0  -0.187E+01     25.74     41.61
     7.200    6321.0  -0.202E+01     25.84     41.90
     7.500    6321.0  -0.215E+01     25.93     42.19
     7.800    6321.0  -0.221E+01     26.03     42.48
     8.100    6321.0  -0.232E+01     26.13     42.77
     8.400    6321.0  -0.246E+01     26.23     43.07
     8.700    6321.0  -0.256E+01     26.33     43.36
     9.000    6321.0  -0.259E+01     26.43     43.65
     9.300    6321.0  -0.271E+01     26.53     43.94
     9.600    6321.0  -0.290E+01     26.63     44.23
     9.900    6321.0  -0.286E+01     26.74     44.52
    10.200    6321.0  -0.249E+01     26.84     44.81
    10.500    6321.0  -0.216E+01     26.95     45.10
    10.800    6321.0  -0.163E+01     27.06     45.39
    11.100    6321.0  -0.142E+01     27.17     45.68
    -0.000    6351.0   0.218E+01     23.75     34.89
     0.300    6351.0   0.169E+01     23.83     35.18
     0.600    6351.0   0.184E+01     23.91     35.47
     0.900    6351.0   0.238E+01     23.99     35.77
     1.200    6351.0   0.317E+01     24.07     36.06
     1.500    6351.0   0.351E+01     24.15     36.35
     1.800    6351.0   0.372E+01     24.23     36.64
     2.100    6351.0   0.304E+01     24.32     36.94
     2.400    6351.0   0.162E+01     24.40     37.23
     2.700    6351.0   0.118E-01     24.49     37.52
     3.000    6351.0  -0.149E+01     24.57     37.81
     3.300    6351.0  -0.292E+01     24.66     38.11
     3.600    6351.0  -0.418E+01     24.74     38.40
     3.900    6351.0  -0.447E+01     24.83     38.69
     4.200    6351.0  -0.455E+01     24.92     38.98
     4.500    6351.0  -0.437E+01     25.01     39.28
     4.800    6351.0  -0.377E+01     25.09     39.57
     5.100    6351.0  -0.300E+01     25.18     39.86
     5.400    6351.0  -0.246E+01     25.28     40.15
     5.700    6351.0  -0.190E+01     25.37     40.44
     6.000    6351.0  -0.161E+01     25.46     40.73
     6.300    6351.0  -0.172E+01     25.55     41.03
     6.600    6351.0  -0.189E+01     25.65     41.32
     6.900    6351.0  -0.203E+01     25.74     41.61
     7.200    6351.0  -0.223E+01     25.84     41.90
     7.500    6351.0  -0.242E+01     25.93     42.19
     7.800    6351.0  -0.253E+01     26.03     42.48
     8.100    6351.0  -0.262E+01     26.13     42.77
     8.400    6351.0  -0.284E+01     26.23     43.07
     8.700    6351.0  -0.300E+01     26.33     43.36
     9.000    6351.0  -0.307E+01     26.43     43.65
     9.300    6351.0  -0.323E+01     26.53     43.94
     9.600    6351.0  -0.333E+01     26.63     44.23
     9.900    6351.0  -0.324E+01     26.74     44.52
    10.200    6351.0  -0.276E+01     26.84     44.81
    10.500    6351.0  -0.228E+01     26.95     45.10
    10.800    6351.0  -0.166E+01     27.06     45.39
    11.100    6351.0  -0.139E+01     27.17     45.68
